Wavelength (nm)	"187, TL 2022_103_153977, 3b"
200.00	
201.00	
202.00	
203.00	
204.00	
205.00	
206.00	
207.00	
208.00	
209.00	
210.00	
211.00	
212.00	
213.00	
214.00	
215.00	
216.00	
217.00	
218.00	
219.00	
220.00	
221.00	
222.00	
223.00	
224.00	
225.00	
226.00	
227.00	
228.00	
229.00	
230.00	
231.00	
232.00	
233.00	
234.00	
235.00	
236.00	
237.00	
238.00	
239.00	
240.00	
241.00	
242.00	
243.00	
244.00	
245.00	
246.00	
247.00	
248.00	
249.00	
250.00	
251.00	
252.00	
253.00	
254.00	
255.00	
256.00	
257.00	
258.00	
259.00	
260.00	
261.00	
262.00	
263.00	
264.00	
265.00	
266.00	
267.00	
268.00	
269.00	
270.00	
271.00	
272.00	
273.00	
274.00	
275.00	
276.00	
277.00	
278.00	
279.00	
280.00	
281.00	
282.00	
283.00	
284.00	
285.00	
286.00	
287.00	
288.00	
289.00	
290.00	
291.00	
292.00	
293.00	
294.00	
295.00	
296.00	
297.00	
298.00	
299.00	
300.00	0.65360
301.00	0.65458
302.00	0.65562
303.00	0.65724
304.00	0.65886
305.00	0.66048
306.00	0.66210
307.00	0.66368
308.00	0.66517
309.00	0.66666
310.00	0.66815
311.00	0.66956
312.00	0.67097
313.00	0.67239
314.00	0.67380
315.00	0.67587
316.00	0.67830
317.00	0.68074
318.00	0.68317
319.00	0.68608
320.00	0.68992
321.00	0.69376
322.00	0.69760
323.00	0.70141
324.00	0.70517
325.00	0.70894
326.00	0.71270
327.00	0.71647
328.00	0.72053
329.00	0.72462
330.00	0.72872
331.00	0.73282
332.00	0.73735
333.00	0.74293
334.00	0.74852
335.00	0.75410
336.00	0.76009
337.00	0.76705
338.00	0.77401
339.00	0.78096
340.00	0.79008
341.00	0.79948
342.00	0.80888
343.00	0.81830
344.00	0.82771
345.00	0.83771
346.00	0.84862
347.00	0.85953
348.00	0.87045
349.00	0.88158
350.00	0.89282
351.00	0.90406
352.00	0.91530
353.00	0.92605
354.00	0.93669
355.00	0.94734
356.00	0.95788
357.00	0.96828
358.00	0.97761
359.00	0.98484
360.00	0.99120
361.00	0.99629
362.00	0.99862
363.00	0.99931
364.00	1.0000
365.00	0.99895
366.00	0.99791
367.00	0.99535
368.00	0.99173
369.00	0.98584
370.00	0.97879
371.00	0.96862
372.00	0.95791
373.00	0.94611
374.00	0.93423
375.00	0.91976
376.00	0.90564
377.00	0.89459
378.00	0.88355
379.00	0.87246
380.00	0.86111
381.00	0.84977
382.00	0.83842
383.00	0.82716
384.00	0.81592
385.00	0.80518
386.00	0.79641
387.00	0.78764
388.00	0.77771
389.00	0.77211
390.00	0.76896
391.00	0.75957
392.00	0.74771
393.00	0.74132
394.00	0.74271
395.00	0.74393
396.00	0.73598
397.00	0.72803
398.00	0.72696
399.00	0.72831
400.00	0.73189
401.00	0.73627
402.00	0.73092
403.00	0.72558
404.00	0.72456
405.00	0.72456
406.00	0.72649
407.00	0.73087
408.00	0.73706
409.00	0.73993
410.00	0.73657
411.00	0.73608
412.00	0.73802
413.00	0.74006
414.00	0.74691
415.00	0.75256
416.00	0.75633
417.00	0.74102
418.00	0.73331
419.00	0.72764
420.00	0.72294
421.00	0.71986
422.00	0.71731
423.00	0.72115
424.00	0.72483
425.00	0.72265
426.00	0.71705
427.00	0.70373
428.00	0.69425
429.00	0.68851
430.00	0.69008
431.00	0.69549
432.00	0.69686
433.00	0.69294
434.00	0.68887
435.00	0.68474
436.00	0.68142
437.00	0.67970
438.00	0.68183
439.00	0.68561
440.00	0.69079
441.00	0.69750
442.00	0.70307
443.00	0.70692
444.00	0.71078
445.00	0.71495
446.00	0.72109
447.00	0.72723
448.00	0.73337
449.00	0.73898
450.00	0.74438
451.00	0.74979
452.00	0.75534
453.00	0.76093
454.00	0.76653
455.00	0.77251
456.00	0.77872
457.00	0.78493
458.00	0.79379
459.00	0.80318
460.00	0.81508
461.00	0.82643
462.00	0.83403
463.00	0.84144
464.00	0.84850
465.00	0.86211
466.00	0.87952
467.00	0.89461
468.00	0.90984
469.00	0.91970
470.00	0.92662
471.00	0.93132
472.00	0.93639
473.00	0.94237
474.00	0.95476
475.00	0.97046
476.00	0.97868
477.00	0.98469
478.00	0.98659
479.00	0.98471
480.00	0.98284
481.00	0.97917
482.00	0.97548
483.00	0.96908
484.00	0.96252
485.00	0.95663
486.00	0.95053
487.00	0.94402
488.00	0.93270
489.00	0.91471
490.00	0.89103
491.00	0.87038
492.00	0.85507
493.00	0.83966
494.00	0.82332
495.00	0.80699
496.00	0.79068
497.00	0.77447
498.00	0.75826
499.00	0.74111
500.00	0.72334
501.00	0.70556
502.00	0.69077
503.00	0.67620
504.00	0.66162
505.00	0.64569
506.00	0.62934
507.00	0.60471
508.00	0.58242
509.00	0.56096
510.00	0.53989
511.00	0.52008
512.00	0.50335
513.00	0.48662
514.00	0.46798
515.00	0.44817
516.00	0.42878
517.00	0.41000
518.00	0.39121
519.00	0.37240
520.00	0.35450
521.00	0.33948
522.00	0.32446
523.00	0.30761
524.00	0.29138
525.00	0.27800
526.00	0.26642
527.00	0.25883
528.00	0.25125
529.00	0.24329
530.00	0.23512
531.00	0.22859
532.00	0.22432
533.00	0.22005
534.00	0.21611
535.00	0.21407
536.00	0.21202
537.00	0.20997
538.00	0.20745
539.00	0.20475
540.00	0.20206
541.00	0.20044
542.00	0.19945
543.00	0.19846
544.00	0.19401
545.00	0.18875
546.00	0.18522
547.00	0.18597
548.00	0.18671
549.00	0.18789
550.00	0.18958
551.00	0.18916
552.00	0.18557
553.00	0.18199
554.00	0.18089
555.00	0.18016
556.00	0.17943
557.00	0.17870
558.00	0.17792
559.00	0.17714
560.00	0.17635
561.00	0.17544
562.00	0.17437
563.00	0.17330
564.00	0.17181
565.00	0.16868
566.00	0.16554
567.00	0.15878
568.00	0.15201
569.00	0.15146
570.00	0.15090
571.00	0.15312
572.00	0.15596
573.00	0.15920
574.00	0.16272
575.00	0.16567
576.00	0.16661
577.00	0.16755
578.00	0.16414
579.00	0.15666
580.00	0.15718
581.00	0.15770
582.00	0.15512
583.00	0.15198
584.00	0.14719
585.00	0.13487
586.00	0.13640
587.00	0.13806
588.00	0.13343
589.00	0.12416
590.00	0.12121
591.00	0.11827
592.00	0.11678
593.00	0.11543
594.00	0.11409
595.00	0.11568
596.00	0.11804
597.00	0.11305
598.00	0.10521
599.00	0.10944
600.00	0.11445
601.00	0.11438
602.00	0.11224
603.00	0.11010
604.00	0.10695
605.00	0.10257
606.00	0.10039
607.00	0.10180
608.00	0.10321
609.00	0.10416
610.00	0.10446
611.00	0.10468
612.00	0.10311
613.00	0.10154
614.00	0.099967
615.00	0.10012
616.00	0.10213
617.00	0.10414
618.00	0.10237
619.00	0.093887
620.00	0.095972
621.00	0.099497
622.00	0.10302
623.00	0.10463
624.00	0.10604
625.00	0.10746
626.00	0.10263
627.00	0.098406
628.00	0.095269
629.00	0.092132
630.00	0.096644
631.00	0.10319
632.00	0.10267
633.00	0.10110
634.00	0.099708
635.00	0.099003
636.00	0.098298
637.00	0.098838
638.00	0.10355
639.00	0.10825
640.00	0.11596
641.00	0.11511
642.00	0.10284
643.00	0.099322
644.00	0.095802
645.00	0.10816
646.00	0.10582
647.00	0.099151
648.00	0.10056
649.00	0.10197
650.00	0.10378
651.00	0.11829
652.00	0.12693
653.00	0.11796
654.00	0.11300
655.00	0.11243
656.00	0.11971
657.00	0.12972
658.00	0.12496
659.00	0.11188
660.00	0.10090
661.00	0.10980
662.00	0.11063
663.00	0.10553
664.00	0.10345
665.00	0.10143
666.00	0.11831
667.00	0.12309
668.00	0.11734
669.00	0.11159
670.00	0.11526
671.00	0.11997
672.00	0.12468
673.00	0.12939
674.00	0.12406
675.00	0.11761
676.00	0.11834
677.00	0.12570
678.00	0.13196
679.00	0.13196
680.00	0.13196
681.00	0.13132
682.00	0.12938
683.00	0.12744
684.00	0.12452
685.00	0.12138
686.00	0.12934
687.00	0.14503
688.00	0.14038
689.00	0.13175
690.00	0.12672
691.00	0.12271
692.00	0.12794
693.00	0.13317
694.00	0.14345
695.00	0.14188
696.00	0.13152
697.00	0.12458
698.00	0.13867
699.00	0.15275
700.00	0.14555
701.00	0.13788
702.00	0.13222
703.00	0.12741
704.00	0.13122
705.00	0.13502
706.00	0.13883
707.00	0.14270
708.00	0.14658
709.00	0.15385
710.00	0.15792
711.00	0.15144
712.00	0.14546
713.00	0.15140
714.00	0.15734
715.00	0.16046
716.00	0.15361
717.00	0.14917
718.00	0.14640
719.00	0.14538
720.00	0.16767
721.00	0.16517
722.00	0.15928
723.00	0.15812
724.00	0.16152
725.00	0.16492
726.00	0.16883
727.00	0.17284
728.00	0.17685
729.00	0.18172
730.00	0.18670
731.00	0.19218
732.00	0.19816
733.00	0.20607
734.00	0.21729
735.00	0.21150
736.00	0.20739
737.00	0.21210
738.00	0.21681
739.00	0.21550
740.00	0.21079
741.00	0.20800
742.00	0.21932
743.00	0.22432
744.00	0.22575
745.00	0.22718
746.00	0.22697
747.00	0.22127
748.00	0.21700
749.00	0.22088
750.00	0.22476
751.00	0.23024
752.00	0.23668
753.00	0.24312
754.00	0.24815
755.00	0.25286
756.00	0.25882
757.00	0.26637
758.00	0.27418
759.00	0.28201
760.00	0.28314
761.00	0.28179
762.00	0.28044
763.00	0.27702
764.00	0.27232
765.00	0.27130
766.00	0.27601
767.00	0.28021
768.00	0.25941
769.00	0.24883
770.00	0.24767
771.00	0.25572
772.00	0.25512
773.00	0.24257
774.00	0.23372
775.00	0.22694
776.00	0.22168
777.00	0.22051
778.00	0.21933
779.00	0.21938
780.00	0.22230
781.00	0.22522
782.00	0.22821
783.00	0.23154
784.00	0.23486
785.00	0.23517
786.00	0.23400
787.00	0.22739
788.00	0.22297
789.00	0.22668
790.00	0.23039
791.00	0.23351
792.00	0.23586
793.00	0.23822
794.00	0.24035
795.00	0.24147
796.00	0.24259
797.00	0.24339
798.00	0.23916
799.00	0.23494
800.00	0.23102
801.00	0.22804
802.00	0.22505
803.00	0.22206
804.00	0.21999
805.00	0.21795
806.00	0.21590
807.00	0.21690
808.00	0.22020
809.00	0.22350
810.00	0.22103
811.00	0.21487
812.00	0.21022
813.00	0.21063
814.00	0.21105
815.00	0.21146
816.00	0.21514
817.00	0.21954
818.00	0.22515
819.00	0.23158
820.00	0.21869
821.00	0.21550
822.00	0.21523
823.00	0.21702
824.00	0.22473
825.00	0.22725
826.00	0.22673
827.00	0.22621
828.00	0.23041
829.00	0.23481
830.00	0.23037
831.00	0.22211
832.00	0.21596
833.00	0.21750
834.00	0.22376
835.00	0.22929
836.00	0.23368
837.00	0.23366
838.00	0.22429
839.00	0.21774
840.00	0.21177
841.00	0.21019
842.00	0.21143
843.00	0.21267
844.00	0.21921
845.00	0.22717
846.00	0.22018
847.00	0.21088
848.00	0.20195
849.00	0.20923
850.00	0.21830
851.00	0.22198
852.00	0.22299
853.00	0.21862
854.00	0.21067
855.00	0.20985
856.00	0.21254
857.00	0.21523
858.00	0.21825
859.00	0.22151
860.00	0.22477
861.00	0.22696
862.00	0.22256
863.00	0.21816
864.00	0.21517
865.00	0.21231
866.00	0.20944
867.00	0.20774
868.00	0.20715
869.00	0.20698
870.00	0.20943
871.00	0.21188
872.00	0.21433
873.00	0.21303
874.00	0.21026
875.00	0.20616
876.00	0.19675
877.00	0.19047
878.00	0.18851
879.00	0.18655
880.00	0.18458
881.00	0.18322
882.00	0.18195
883.00	0.18068
884.00	0.17938
885.00	0.17546
886.00	0.17154
887.00	0.16678
888.00	0.16041
889.00	0.15612
890.00	0.15778
891.00	0.15945
892.00	0.15639
893.00	0.15167
894.00	0.14783
895.00	0.14474
896.00	0.15201
897.00	0.15604
898.00	0.13543
899.00	0.13517
900.00	0.13491
901.00	0.13018
902.00	0.12163
903.00	0.11817
904.00	0.11470
905.00	0.11150
906.00	0.10852
907.00	0.10554
908.00	0.10207
909.00	0.098405
910.00	0.094815
911.00	0.092354
912.00	0.089894
913.00	0.087433
914.00	0.086548
915.00	0.085764
916.00	0.086014
917.00	0.089060
918.00	0.092107
919.00	0.078150
920.00	0.072056
921.00	0.065963
922.00	0.064200
923.00	0.066945
924.00	0.064644
925.00	0.060281
926.00	0.055526
927.00	0.050540
928.00	0.045494
929.00	0.039954
930.00	0.034414
931.00	0.031816
932.00	0.031262
933.00	0.030729
934.00	0.030467
935.00	0.030206
936.00	0.029781
937.00	0.029109
938.00	0.028438
939.00	0.029777
940.00	0.034401
941.00	0.022084
942.00	0.018400
943.00	0.015570
944.00	0.011147
945.00	0.0067723
946.00	0.014367
947.00	0.021198
948.00	0.022911
949.00	0.019368
950.00	0.0035246
951.00	
952.00	
953.00	
954.00	
955.00	
956.00	
957.00	
958.00	
959.00	
960.00	
961.00	
962.00	
963.00	
964.00	
965.00	
966.00	
967.00	
968.00	
969.00	
970.00	
971.00	
972.00	
973.00	
974.00	
975.00	
976.00	
977.00	
978.00	
979.00	
980.00	
981.00	
982.00	
983.00	
984.00	
985.00	
986.00	
987.00	
988.00	
989.00	
990.00	
991.00	
992.00	
993.00	
994.00	
995.00	
996.00	
997.00	
998.00	
999.00	
1000.0	
1001.0	
1002.0	
1003.0	
1004.0	
1005.0	
1006.0	
1007.0	
1008.0	
1009.0	
1010.0	
1011.0	
1012.0	
1013.0	
1014.0	
1015.0	
1016.0	
1017.0	
1018.0	
1019.0	
1020.0	
1021.0	
1022.0	
1023.0	
1024.0	
1025.0	
1026.0	
1027.0	
1028.0	
1029.0	
1030.0	
1031.0	
1032.0	
1033.0	
1034.0	
1035.0	
1036.0	
1037.0	
1038.0	
1039.0	
1040.0	
1041.0	
1042.0	
1043.0	
1044.0	
1045.0	
1046.0	
1047.0	
1048.0	
1049.0	
1050.0	
1051.0	
1052.0	
1053.0	
1054.0	
1055.0	
1056.0	
1057.0	
1058.0	
1059.0	
1060.0	
1061.0	
1062.0	
1063.0	
1064.0	
1065.0	
1066.0	
1067.0	
1068.0	
1069.0	
1070.0	
1071.0	
1072.0	
1073.0	
1074.0	
1075.0	
1076.0	
1077.0	
1078.0	
1079.0	
1080.0	
1081.0	
1082.0	
1083.0	
1084.0	
1085.0	
1086.0	
1087.0	
1088.0	
1089.0	
1090.0	
1091.0	
1092.0	
1093.0	
1094.0	
1095.0	
1096.0	
1097.0	
1098.0	
1099.0	
1100.0	
1101.0	
1102.0	
1103.0	
1104.0	
1105.0	
1106.0	
1107.0	
1108.0	
1109.0	
1110.0	
1111.0	
1112.0	
1113.0	
1114.0	
1115.0	
1116.0	
1117.0	
1118.0	
1119.0	
1120.0	
1121.0	
1122.0	
1123.0	
1124.0	
1125.0	
1126.0	
1127.0	
1128.0	
1129.0	
1130.0	
1131.0	
1132.0	
1133.0	
1134.0	
1135.0	
1136.0	
1137.0	
1138.0	
1139.0	
1140.0	
1141.0	
1142.0	
1143.0	
1144.0	
1145.0	
1146.0	
1147.0	
1148.0	
1149.0	
1150.0	
1151.0	
1152.0	
1153.0	
1154.0	
1155.0	
1156.0	
1157.0	
1158.0	
1159.0	
1160.0	
1161.0	
1162.0	
1163.0	
1164.0	
1165.0	
1166.0	
1167.0	
1168.0	
1169.0	
1170.0	
1171.0	
1172.0	
1173.0	
1174.0	
1175.0	
1176.0	
1177.0	
1178.0	
1179.0	
1180.0	
1181.0	
1182.0	
1183.0	
1184.0	
1185.0	
1186.0	
1187.0	
1188.0	
1189.0	
1190.0	
1191.0	
1192.0	
1193.0	
1194.0	
1195.0	
1196.0	
1197.0	
1198.0	
1199.0	
1200.0	
