Wavelength (nm)	Chem Eur J 2018_2987, pyYCC 4 abs [Z]
250.00	0.52485
251.00	0.51684
252.00	0.50883
253.00	0.49877
254.00	0.48665
255.00	0.47862
256.00	0.47420
257.00	0.46978
258.00	0.46535
259.00	0.46591
260.00	0.46722
261.00	0.46852
262.00	0.47258
263.00	0.47691
264.00	0.48124
265.00	0.48617
266.00	0.49166
267.00	0.49714
268.00	0.50047
269.00	0.50298
270.00	0.50549
271.00	0.50735
272.00	0.50798
273.00	0.50860
274.00	0.50923
275.00	0.50985
276.00	0.51022
277.00	0.51022
278.00	0.51022
279.00	0.51022
280.00	0.51060
281.00	0.51179
282.00	0.51298
283.00	0.51439
284.00	0.51839
285.00	0.52238
286.00	0.52638
287.00	0.53134
288.00	0.53762
289.00	0.54390
290.00	0.55018
291.00	0.55783
292.00	0.56633
293.00	0.57482
294.00	0.58331
295.00	0.59446
296.00	0.60625
297.00	0.61803
298.00	0.62981
299.00	0.64145
300.00	0.65238
301.00	0.66331
302.00	0.67424
303.00	0.68517
304.00	0.69492
305.00	0.70358
306.00	0.71224
307.00	0.72090
308.00	0.72728
309.00	0.73063
310.00	0.73398
311.00	0.73147
312.00	0.72831
313.00	0.72424
314.00	0.71695
315.00	0.70967
316.00	0.70007
317.00	0.68390
318.00	0.66773
319.00	0.65155
320.00	0.63146
321.00	0.61085
322.00	0.59023
323.00	0.56802
324.00	0.54537
325.00	0.52272
326.00	0.49724
327.00	0.46943
328.00	0.44162
329.00	0.41428
330.00	0.38801
331.00	0.36173
332.00	0.33546
333.00	0.31194
334.00	0.29117
335.00	0.27040
336.00	0.25193
337.00	0.23394
338.00	0.21594
339.00	0.20081
340.00	0.18919
341.00	0.17757
342.00	0.16652
343.00	0.16310
344.00	0.15969
345.00	0.15627
346.00	0.15285
347.00	0.14943
348.00	0.14602
349.00	0.14407
350.00	0.14541
351.00	0.14675
352.00	0.14808
353.00	0.14942
354.00	0.15075
355.00	0.15209
356.00	0.15650
357.00	0.16100
358.00	0.16550
359.00	0.17000
360.00	0.17496
361.00	0.18199
362.00	0.18902
363.00	0.19605
364.00	0.20308
365.00	0.21055
366.00	0.21934
367.00	0.22813
368.00	0.23693
369.00	0.24572
370.00	0.25451
371.00	0.26405
372.00	0.27443
373.00	0.28481
374.00	0.29519
375.00	0.30557
376.00	0.31595
377.00	0.32944
378.00	0.34298
379.00	0.35653
380.00	0.37008
381.00	0.38363
382.00	0.39718
383.00	0.41153
384.00	0.42668
385.00	0.44183
386.00	0.45698
387.00	0.47213
388.00	0.48729
389.00	0.50244
390.00	0.51759
391.00	0.53443
392.00	0.55318
393.00	0.57192
394.00	0.59067
395.00	0.60941
396.00	0.62816
397.00	0.64691
398.00	0.66565
399.00	0.68269
400.00	0.69947
401.00	0.71625
402.00	0.73304
403.00	0.74982
404.00	0.76660
405.00	0.78338
406.00	0.80016
407.00	0.81535
408.00	0.83022
409.00	0.84510
410.00	0.85997
411.00	0.87403
412.00	0.88781
413.00	0.90159
414.00	0.91537
415.00	0.92570
416.00	0.93586
417.00	0.94601
418.00	0.95616
419.00	0.96623
420.00	0.97236
421.00	0.97849
422.00	0.98462
423.00	0.99075
424.00	0.99520
425.00	0.99680
426.00	0.99840
427.00	1.0000
428.00	0.99737
429.00	0.99474
430.00	0.99211
431.00	0.98861
432.00	0.98141
433.00	0.97421
434.00	0.96652
435.00	0.95399
436.00	0.94146
437.00	0.92893
438.00	0.91264
439.00	0.89482
440.00	0.87699
441.00	0.85737
442.00	0.83574
443.00	0.81411
444.00	0.79009
445.00	0.76549
446.00	0.74088
447.00	0.71425
448.00	0.68481
449.00	0.65537
450.00	0.62593
451.00	0.59543
452.00	0.56372
453.00	0.53201
454.00	0.50030
455.00	0.46993
456.00	0.44166
457.00	0.41339
458.00	0.38512
459.00	0.36017
460.00	0.33944
461.00	0.31872
462.00	0.29799
463.00	0.27726
464.00	0.25669
465.00	0.23771
466.00	0.21873
467.00	0.19976
468.00	0.18078
469.00	0.16619
470.00	0.15226
471.00	0.13833
472.00	0.12439
473.00	0.11444
474.00	0.10560
475.00	0.096761
476.00	0.087923
477.00	0.079085
478.00	0.071225
479.00	0.065761
480.00	0.060297
481.00	0.054832
482.00	0.049368
483.00	0.043903
484.00	0.039215
485.00	0.037126
486.00	0.035037
487.00	0.032947
488.00	0.030858
489.00	0.028768
490.00	0.026679
491.00	0.024590
492.00	0.022970
493.00	0.021839
494.00	0.020708
495.00	0.019576
496.00	0.018445
497.00	0.017314
498.00	0.016183
499.00	0.015052
500.00	0.014186
501.00	0.013882
502.00	0.013579
503.00	0.013275
504.00	0.012971
505.00	0.012668
506.00	0.012364
507.00	0.012060
508.00	0.011757
509.00	0.011453
510.00	0.011150
511.00	0.010846
512.00	0.010542
513.00	0.010259
514.00	0.0099883
515.00	0.0097171
516.00	0.0094459
517.00	0.0091747
518.00	0.0089035
519.00	0.0086324
520.00	0.0083612
521.00	0.0080900
522.00	0.0078188
523.00	0.0075477
524.00	0.0072765
525.00	0.0070053
526.00	0.0067341
527.00	0.0064629
528.00	0.0061918
529.00	0.0059206
530.00	0.0057216
531.00	0.0055709
532.00	0.0054201
533.00	0.0052693
534.00	0.0051185
535.00	0.0049678
536.00	0.0048170
537.00	0.0046662
538.00	0.0045155
539.00	0.0043647
540.00	0.0042139
541.00	0.0040631
542.00	0.0039124
543.00	0.0037616
544.00	0.0036108
545.00	0.0034600
546.00	0.0033093
547.00	0.0031585
548.00	0.0030077
549.00	0.0028569
550.00	0.0027156
551.00	0.0026204
552.00	0.0025251
553.00	0.0024299
554.00	0.0023346
555.00	0.0022394
556.00	0.0021441
557.00	0.0020489
558.00	0.0019536
559.00	0.0018584
560.00	0.0017631
561.00	0.0016679
562.00	0.0015726
563.00	0.0014774
564.00	0.0013821
565.00	0.0012869
566.00	0.0011916
567.00	0.0011916
568.00	0.0011916
569.00	0.0011916
570.00	0.0011916
571.00	0.0011916
572.00	0.0011916
573.00	0.0011916
574.00	0.0011916
575.00	0.0011916
576.00	0.0011916
577.00	0.0011916
578.00	0.0011916
579.00	0.0011916
580.00	0.0011916
581.00	0.0011916
582.00	0.0011916
583.00	0.0011916
584.00	0.0011916
585.00	0.0011916
586.00	0.0011916
587.00	0.0011916
588.00	0.0011916
589.00	0.0011916
590.00	0.0011916
591.00	0.0011916
592.00	0.0011916
593.00	0.0011916
594.00	0.0011916
595.00	0.0011916
596.00	0.0011916
597.00	0.0011916
598.00	0.0011916
599.00	0.0011916
600.00	0.0011916
