Wavelength (nm)	"12, M 1981_199, 8 C-Hex"
200.00	
201.00	
202.00	
203.00	
204.00	
205.00	
206.00	
207.00	
208.00	
209.00	
210.00	
211.00	
212.00	
213.00	
214.00	
215.00	
216.00	
217.00	
218.00	
219.00	
220.00	
221.00	
222.00	
223.00	
224.00	
225.00	
226.00	
227.00	
228.00	
229.00	
230.00	
231.00	
232.00	
233.00	
234.00	
235.00	
236.00	
237.00	
238.00	
239.00	
240.00	
241.00	
242.00	
243.00	
244.00	
245.00	
246.00	
247.00	
248.00	
249.00	
250.00	
251.00	
252.00	
253.00	
254.00	
255.00	
256.00	
257.00	
258.00	
259.00	
260.00	
261.00	
262.00	
263.00	
264.00	
265.00	
266.00	
267.00	
268.00	
269.00	
270.00	
271.00	
272.00	
273.00	
274.00	
275.00	
276.00	
277.00	
278.00	
279.00	
280.00	
281.00	
282.00	
283.00	
284.00	
285.00	
286.00	
287.00	
288.00	
289.00	
290.00	
291.00	
292.00	
293.00	
294.00	
295.00	
296.00	
297.00	
298.00	
299.00	
300.00	
301.00	
302.00	
303.00	
304.00	
305.00	
306.00	
307.00	
308.00	
309.00	
310.00	
311.00	
312.00	
313.00	
314.00	
315.00	
316.00	
317.00	
318.00	
319.00	
320.00	
321.00	
322.00	
323.00	
324.00	
325.00	
326.00	
327.00	
328.00	
329.00	
330.00	
331.00	
332.00	
333.00	
334.00	
335.00	
336.00	
337.00	
338.00	
339.00	
340.00	0.59372
341.00	0.60004
342.00	0.61055
343.00	0.62106
344.00	0.63304
345.00	0.64761
346.00	0.66218
347.00	0.67675
348.00	0.69196
349.00	0.70797
350.00	0.72397
351.00	0.73998
352.00	0.75398
353.00	0.76773
354.00	0.78147
355.00	0.79522
356.00	0.81030
357.00	0.82686
358.00	0.84343
359.00	0.85999
360.00	0.87557
361.00	0.88969
362.00	0.90380
363.00	0.91766
364.00	0.93032
365.00	0.94298
366.00	0.95358
367.00	0.96293
368.00	0.97207
369.00	0.97877
370.00	0.98548
371.00	0.99068
372.00	0.99454
373.00	0.99756
374.00	0.99878
375.00	1.0000
376.00	0.99745
377.00	0.99490
378.00	0.99151
379.00	0.98685
380.00	0.98220
381.00	0.97703
382.00	0.97087
383.00	0.96471
384.00	0.95855
385.00	0.95116
386.00	0.94372
387.00	0.93627
388.00	0.92803
389.00	0.91849
390.00	0.90895
391.00	0.89941
392.00	0.88988
393.00	0.87957
394.00	0.86907
395.00	0.85857
396.00	0.84807
397.00	0.83612
398.00	0.82300
399.00	0.80987
400.00	0.79675
401.00	0.78363
402.00	0.76734
403.00	0.74920
404.00	0.73106
405.00	0.71292
406.00	0.69378
407.00	0.67309
408.00	0.65240
409.00	0.63172
410.00	0.61103
411.00	0.59139
412.00	0.57201
413.00	0.55263
414.00	0.53325
415.00	0.51123
416.00	0.48509
417.00	0.45895
418.00	0.43281
419.00	0.40769
420.00	0.38882
421.00	0.36996
422.00	0.35109
423.00	0.33222
424.00	0.31517
425.00	0.29953
426.00	0.28390
427.00	0.26827
428.00	0.25351
429.00	0.23966
430.00	0.22580
431.00	0.21195
432.00	0.19896
433.00	0.18869
434.00	0.17843
435.00	0.16816
436.00	0.15866
437.00	0.15290
438.00	0.14714
439.00	0.14138
440.00	0.13562
441.00	0.12986
442.00	0.12481
443.00	0.12001
444.00	0.11521
445.00	0.11041
446.00	0.10562
447.00	0.10179
448.00	0.097980
449.00	0.094171
450.00	0.090363
451.00	0.087823
452.00	0.085728
453.00	0.083634
454.00	0.081539
455.00	0.079444
456.00	0.077349
457.00	0.075255
458.00	0.073176
459.00	0.071097
460.00	0.069019
461.00	0.066941
462.00	0.064863
463.00	0.062785
464.00	0.061506
465.00	0.060227
466.00	0.058948
467.00	0.057669
468.00	0.056390
469.00	0.055129
470.00	0.054141
471.00	0.053154
472.00	0.052167
473.00	0.051179
474.00	0.050192
475.00	0.049306
476.00	0.048666
477.00	0.048026
478.00	0.047387
479.00	0.046747
480.00	0.046108
481.00	0.045312
482.00	0.044226
483.00	0.043140
484.00	0.042054
485.00	0.040967
486.00	0.039881
487.00	0.038562
488.00	0.036464
489.00	0.034365
490.00	0.032267
491.00	0.030168
492.00	0.028070
493.00	0.026371
494.00	0.024772
495.00	0.023172
496.00	0.021573
497.00	0.019994
498.00	0.018788
499.00	0.017582
500.00	0.016377
501.00	0.015171
502.00	0.013935
503.00	0.012627
504.00	0.011318
505.00	0.010010
506.00	0.0087010
507.00	0.0076575
508.00	0.0068398
509.00	0.0060221
510.00	0.0052045
511.00	0.0043868
512.00	0.0035692
513.00	0.0033337
514.00	0.0031354
515.00	0.0029371
516.00	0.0027388
517.00	0.0025405
518.00	0.0023422
519.00	0.0021439
520.00	0.0019606
521.00	0.0017809
522.00	0.0016012
523.00	0.0014214
524.00	0.0012417
525.00	0.0010620
526.00	0.0010620
527.00	0.0010620
528.00	0.0010620
529.00	0.0010620
530.00	0.0010620
531.00	0.0010620
532.00	0.0010620
533.00	0.0010620
534.00	0.0010620
535.00	0.0010620
536.00	0.0010620
537.00	0.0010620
538.00	0.0010620
539.00	0.0010620
540.00	0.0010620
541.00	0.0010620
542.00	0.0010620
543.00	0.0010620
544.00	0.0010620
545.00	0.0010620
546.00	0.0010620
547.00	0.0010620
548.00	0.0010620
549.00	0.0010620
550.00	0.0010620
551.00	
552.00	
553.00	
554.00	
555.00	
556.00	
557.00	
558.00	
559.00	
560.00	
561.00	
562.00	
563.00	
564.00	
565.00	
566.00	
567.00	
568.00	
569.00	
570.00	
571.00	
572.00	
573.00	
574.00	
575.00	
576.00	
577.00	
578.00	
579.00	
580.00	
581.00	
582.00	
583.00	
584.00	
585.00	
586.00	
587.00	
588.00	
589.00	
590.00	
591.00	
592.00	
593.00	
594.00	
595.00	
596.00	
597.00	
598.00	
599.00	
600.00	
601.00	
602.00	
603.00	
604.00	
605.00	
606.00	
607.00	
608.00	
609.00	
610.00	
611.00	
612.00	
613.00	
614.00	
615.00	
616.00	
617.00	
618.00	
619.00	
620.00	
621.00	
622.00	
623.00	
624.00	
625.00	
626.00	
627.00	
628.00	
629.00	
630.00	
631.00	
632.00	
633.00	
634.00	
635.00	
636.00	
637.00	
638.00	
639.00	
640.00	
641.00	
642.00	
643.00	
644.00	
645.00	
646.00	
647.00	
648.00	
649.00	
650.00	
651.00	
652.00	
653.00	
654.00	
655.00	
656.00	
657.00	
658.00	
659.00	
660.00	
661.00	
662.00	
663.00	
664.00	
665.00	
666.00	
667.00	
668.00	
669.00	
670.00	
671.00	
672.00	
673.00	
674.00	
675.00	
676.00	
677.00	
678.00	
679.00	
680.00	
681.00	
682.00	
683.00	
684.00	
685.00	
686.00	
687.00	
688.00	
689.00	
690.00	
691.00	
692.00	
693.00	
694.00	
695.00	
696.00	
697.00	
698.00	
699.00	
700.00	
701.00	
702.00	
703.00	
704.00	
705.00	
706.00	
707.00	
708.00	
709.00	
710.00	
711.00	
712.00	
713.00	
714.00	
715.00	
716.00	
717.00	
718.00	
719.00	
720.00	
721.00	
722.00	
723.00	
724.00	
725.00	
726.00	
727.00	
728.00	
729.00	
730.00	
731.00	
732.00	
733.00	
734.00	
735.00	
736.00	
737.00	
738.00	
739.00	
740.00	
741.00	
742.00	
743.00	
744.00	
745.00	
746.00	
747.00	
748.00	
749.00	
750.00	
751.00	
752.00	
753.00	
754.00	
755.00	
756.00	
757.00	
758.00	
759.00	
760.00	
761.00	
762.00	
763.00	
764.00	
765.00	
766.00	
767.00	
768.00	
769.00	
770.00	
771.00	
772.00	
773.00	
774.00	
775.00	
776.00	
777.00	
778.00	
779.00	
780.00	
781.00	
782.00	
783.00	
784.00	
785.00	
786.00	
787.00	
788.00	
789.00	
790.00	
791.00	
792.00	
793.00	
794.00	
795.00	
796.00	
797.00	
798.00	
799.00	
800.00	
801.00	
802.00	
803.00	
804.00	
805.00	
806.00	
807.00	
808.00	
809.00	
810.00	
811.00	
812.00	
813.00	
814.00	
815.00	
816.00	
817.00	
818.00	
819.00	
820.00	
821.00	
822.00	
823.00	
824.00	
825.00	
826.00	
827.00	
828.00	
829.00	
830.00	
831.00	
832.00	
833.00	
834.00	
835.00	
836.00	
837.00	
838.00	
839.00	
840.00	
841.00	
842.00	
843.00	
844.00	
845.00	
846.00	
847.00	
848.00	
849.00	
850.00	
851.00	
852.00	
853.00	
854.00	
855.00	
856.00	
857.00	
858.00	
859.00	
860.00	
861.00	
862.00	
863.00	
864.00	
865.00	
866.00	
867.00	
868.00	
869.00	
870.00	
871.00	
872.00	
873.00	
874.00	
875.00	
876.00	
877.00	
878.00	
879.00	
880.00	
881.00	
882.00	
883.00	
884.00	
885.00	
886.00	
887.00	
888.00	
889.00	
890.00	
891.00	
892.00	
893.00	
894.00	
895.00	
896.00	
897.00	
898.00	
899.00	
900.00	
901.00	
902.00	
903.00	
904.00	
905.00	
906.00	
907.00	
908.00	
909.00	
910.00	
911.00	
912.00	
913.00	
914.00	
915.00	
916.00	
917.00	
918.00	
919.00	
920.00	
921.00	
922.00	
923.00	
924.00	
925.00	
926.00	
927.00	
928.00	
929.00	
930.00	
931.00	
932.00	
933.00	
934.00	
935.00	
936.00	
937.00	
938.00	
939.00	
940.00	
941.00	
942.00	
943.00	
944.00	
945.00	
946.00	
947.00	
948.00	
949.00	
950.00	
951.00	
952.00	
953.00	
954.00	
955.00	
956.00	
957.00	
958.00	
959.00	
960.00	
961.00	
962.00	
963.00	
964.00	
965.00	
966.00	
967.00	
968.00	
969.00	
970.00	
971.00	
972.00	
973.00	
974.00	
975.00	
976.00	
977.00	
978.00	
979.00	
980.00	
981.00	
982.00	
983.00	
984.00	
985.00	
986.00	
987.00	
988.00	
989.00	
990.00	
991.00	
992.00	
993.00	
994.00	
995.00	
996.00	
997.00	
998.00	
999.00	
1000.0	
1001.0	
1002.0	
1003.0	
1004.0	
1005.0	
1006.0	
1007.0	
1008.0	
1009.0	
1010.0	
1011.0	
1012.0	
1013.0	
1014.0	
1015.0	
1016.0	
1017.0	
1018.0	
1019.0	
1020.0	
1021.0	
1022.0	
1023.0	
1024.0	
1025.0	
1026.0	
1027.0	
1028.0	
1029.0	
1030.0	
1031.0	
1032.0	
1033.0	
1034.0	
1035.0	
1036.0	
1037.0	
1038.0	
1039.0	
1040.0	
1041.0	
1042.0	
1043.0	
1044.0	
1045.0	
1046.0	
1047.0	
1048.0	
1049.0	
1050.0	
1051.0	
1052.0	
1053.0	
1054.0	
1055.0	
1056.0	
1057.0	
1058.0	
1059.0	
1060.0	
1061.0	
1062.0	
1063.0	
1064.0	
1065.0	
1066.0	
1067.0	
1068.0	
1069.0	
1070.0	
1071.0	
1072.0	
1073.0	
1074.0	
1075.0	
1076.0	
1077.0	
1078.0	
1079.0	
1080.0	
1081.0	
1082.0	
1083.0	
1084.0	
1085.0	
1086.0	
1087.0	
1088.0	
1089.0	
1090.0	
1091.0	
1092.0	
1093.0	
1094.0	
1095.0	
1096.0	
1097.0	
1098.0	
1099.0	
1100.0	
1101.0	
1102.0	
1103.0	
1104.0	
1105.0	
1106.0	
1107.0	
1108.0	
1109.0	
1110.0	
1111.0	
1112.0	
1113.0	
1114.0	
1115.0	
1116.0	
1117.0	
1118.0	
1119.0	
1120.0	
1121.0	
1122.0	
1123.0	
1124.0	
1125.0	
1126.0	
1127.0	
1128.0	
1129.0	
1130.0	
1131.0	
1132.0	
1133.0	
1134.0	
1135.0	
1136.0	
1137.0	
1138.0	
1139.0	
1140.0	
1141.0	
1142.0	
1143.0	
1144.0	
1145.0	
1146.0	
1147.0	
1148.0	
1149.0	
1150.0	
1151.0	
1152.0	
1153.0	
1154.0	
1155.0	
1156.0	
1157.0	
1158.0	
1159.0	
1160.0	
1161.0	
1162.0	
1163.0	
1164.0	
1165.0	
1166.0	
1167.0	
1168.0	
1169.0	
1170.0	
1171.0	
1172.0	
1173.0	
1174.0	
1175.0	
1176.0	
1177.0	
1178.0	
1179.0	
1180.0	
1181.0	
1182.0	
1183.0	
1184.0	
1185.0	
1186.0	
1187.0	
1188.0	
1189.0	
1190.0	
1191.0	
1192.0	
1193.0	
1194.0	
1195.0	
1196.0	
1197.0	
1198.0	
1199.0	
1200.0	
