Wavelength (nm)	307 ZnC-PE3BA15 (SE375) DMF abs
350.00	0.10976
350.20	0.10858
350.40	0.10859
350.60	0.10707
350.80	0.10606
351.00	0.10523
351.20	0.10740
351.40	0.11026
351.60	0.10992
351.80	0.10791
352.00	0.10640
352.20	0.10607
352.40	0.10807
352.60	0.10958
352.80	0.10925
353.00	0.10875
353.20	0.10707
353.40	0.10707
353.60	0.10724
353.80	0.10942
354.00	0.10943
354.20	0.10976
354.40	0.10909
354.60	0.10943
354.80	0.10892
355.00	0.10876
355.20	0.10891
355.40	0.10943
355.60	0.10909
355.80	0.10925
356.00	0.10976
356.20	0.11093
356.40	0.10993
356.60	0.10892
356.80	0.10992
357.00	0.11093
357.20	0.11244
357.40	0.11277
357.60	0.11211
357.80	0.11193
358.00	0.11311
358.20	0.11378
358.40	0.11362
358.60	0.11362
358.80	0.11512
359.00	0.11597
359.20	0.11597
359.40	0.11378
359.60	0.11244
359.80	0.11429
360.00	0.11597
360.20	0.11663
360.40	0.11530
360.60	0.11563
360.80	0.11497
361.00	0.11429
361.20	0.11429
361.40	0.11496
361.60	0.11698
361.80	0.11831
362.00	0.12016
362.20	0.12101
362.40	0.12049
362.60	0.11966
362.80	0.11782
363.00	0.11815
363.20	0.11900
363.40	0.12067
363.60	0.12083
363.80	0.12134
364.00	0.12201
364.20	0.12117
364.40	0.12033
364.60	0.12033
364.80	0.12083
365.00	0.12183
365.20	0.12251
365.40	0.12335
365.60	0.12453
365.80	0.12469
366.00	0.12520
366.20	0.12402
366.40	0.12436
366.60	0.12435
366.80	0.12486
367.00	0.12570
367.20	0.12570
367.40	0.12587
367.60	0.12520
367.80	0.12569
368.00	0.12654
368.20	0.12637
368.40	0.12738
368.60	0.12721
368.80	0.12805
369.00	0.12738
369.20	0.12788
369.40	0.12788
369.60	0.12805
369.80	0.12772
370.00	0.12721
370.20	0.12703
370.40	0.12788
370.60	0.12939
370.80	0.13073
371.00	0.13022
371.20	0.12922
371.40	0.12855
371.60	0.12956
371.80	0.12922
372.00	0.12889
372.20	0.12906
372.40	0.13023
372.60	0.13040
372.80	0.13040
373.00	0.13124
373.20	0.13140
373.40	0.13124
373.60	0.13157
373.80	0.13241
374.00	0.13274
374.20	0.13241
374.40	0.13341
374.60	0.13393
374.80	0.13410
375.00	0.13359
375.20	0.13377
375.40	0.13443
375.60	0.13408
375.80	0.13426
376.00	0.13325
376.20	0.13325
376.40	0.13341
376.60	0.13359
376.80	0.13475
377.00	0.13544
377.20	0.13459
377.40	0.13426
377.60	0.13510
377.80	0.13678
378.00	0.13727
378.20	0.13727
378.40	0.13796
378.60	0.13796
378.80	0.13794
379.00	0.13778
379.20	0.13845
379.40	0.13829
379.60	0.13778
379.80	0.13845
380.00	0.13997
380.20	0.14030
380.40	0.14013
380.60	0.14063
380.80	0.14164
381.00	0.14282
381.20	0.14416
381.40	0.14399
381.60	0.14416
381.80	0.14499
382.00	0.14566
382.20	0.14735
382.40	0.14902
382.60	0.15103
382.80	0.15137
383.00	0.15121
383.20	0.15137
383.40	0.15204
383.60	0.15340
383.80	0.15389
384.00	0.15541
384.20	0.15657
384.40	0.15842
384.60	0.15927
384.80	0.16061
385.00	0.16094
385.20	0.16178
385.40	0.16312
385.60	0.16513
385.80	0.16580
386.00	0.16681
386.20	0.16799
386.40	0.16983
386.60	0.17185
386.80	0.17403
387.00	0.17604
387.20	0.17805
387.40	0.17939
387.60	0.18090
387.80	0.18327
388.00	0.18577
388.20	0.18762
388.40	0.18896
388.60	0.19081
388.80	0.19282
389.00	0.19484
389.20	0.19652
389.40	0.19903
389.60	0.20139
389.80	0.20491
390.00	0.20810
390.20	0.21078
390.40	0.21363
390.60	0.21615
390.80	0.21867
391.00	0.22052
391.20	0.22336
391.40	0.22605
391.60	0.22840
391.80	0.23058
392.00	0.23327
392.20	0.23629
392.40	0.23864
392.60	0.24166
392.80	0.24417
393.00	0.24736
393.20	0.25055
393.40	0.25341
393.60	0.25559
393.80	0.25778
394.00	0.26012
394.20	0.26247
394.40	0.26515
394.60	0.26834
394.80	0.27086
395.00	0.27338
395.20	0.27455
395.40	0.27656
395.60	0.27875
395.80	0.28176
396.00	0.28395
396.20	0.28579
396.40	0.28781
396.60	0.28999
396.80	0.29234
397.00	0.29402
397.20	0.29519
397.40	0.29653
397.60	0.29872
397.80	0.30056
398.00	0.30275
398.20	0.30392
398.40	0.30543
398.60	0.30626
398.80	0.30777
399.00	0.30929
399.20	0.31063
399.40	0.31147
399.60	0.31230
399.80	0.31365
400.00	0.31499
400.20	0.31616
400.40	0.31667
400.60	0.31717
400.80	0.31750
401.00	0.31835
401.20	0.31885
401.40	0.32019
401.60	0.32103
401.80	0.32171
402.00	0.32171
402.20	0.32272
402.40	0.32439
402.60	0.32590
402.80	0.32674
403.00	0.32741
403.20	0.32758
403.40	0.32908
403.60	0.33026
403.80	0.33126
404.00	0.33160
404.20	0.33329
404.40	0.33579
404.60	0.33865
404.80	0.34068
405.00	0.34217
405.20	0.34453
405.40	0.34754
405.60	0.35056
405.80	0.35326
406.00	0.35611
406.20	0.35947
406.40	0.36265
406.60	0.36601
406.80	0.36953
407.00	0.37355
407.20	0.37842
407.40	0.38379
407.60	0.38900
407.80	0.39453
408.00	0.40024
408.20	0.40662
408.40	0.41333
408.60	0.42005
408.80	0.42676
409.00	0.43397
409.20	0.44153
409.40	0.44958
409.60	0.45746
409.80	0.46518
410.00	0.47274
410.20	0.48147
410.40	0.49119
410.60	0.50143
410.80	0.51183
411.00	0.52274
411.20	0.53432
411.40	0.54658
411.60	0.55832
411.80	0.57057
412.00	0.58215
412.20	0.59456
412.40	0.60715
412.60	0.62107
412.80	0.63535
413.00	0.65012
413.20	0.66355
413.40	0.67679
413.60	0.68955
413.80	0.70448
414.00	0.71925
414.20	0.73435
414.40	0.74896
414.60	0.76371
414.80	0.77850
415.00	0.79292
415.20	0.80752
415.40	0.82229
415.60	0.83672
415.80	0.85065
416.00	0.86374
416.20	0.87632
416.40	0.88857
416.60	0.89998
416.80	0.91140
417.00	0.92248
417.20	0.93270
417.40	0.94227
417.60	0.95099
417.80	0.95989
418.00	0.96795
418.20	0.97450
418.40	0.98020
418.60	0.98590
418.80	0.99043
419.00	0.99328
419.20	0.99581
419.40	0.99782
419.60	0.99967
419.80	1.0000
420.00	0.99949
420.20	0.99782
420.40	0.99563
420.60	0.99178
420.80	0.98708
421.00	0.98137
421.20	0.97566
421.40	0.96928
421.60	0.96275
421.80	0.95502
422.00	0.94579
422.20	0.93556
422.40	0.92549
422.60	0.91424
422.80	0.90284
423.00	0.89125
423.20	0.87884
423.40	0.86608
423.60	0.85316
423.80	0.84007
424.00	0.82648
424.20	0.81254
424.40	0.79746
424.60	0.78201
424.80	0.76657
425.00	0.75231
425.20	0.73855
425.40	0.72445
425.60	0.70901
425.80	0.69324
426.00	0.67796
426.20	0.66370
426.40	0.64927
426.60	0.63534
426.80	0.62058
427.00	0.60614
427.20	0.59204
427.40	0.57813
427.60	0.56437
427.80	0.54960
428.00	0.53550
428.20	0.52191
428.40	0.50848
428.60	0.49556
428.80	0.48331
429.00	0.47122
429.20	0.45947
429.40	0.44756
429.60	0.43582
429.80	0.42441
430.00	0.41300
430.20	0.40209
430.40	0.39118
430.60	0.38127
430.80	0.37121
431.00	0.36113
431.20	0.35141
431.40	0.34201
431.60	0.33311
431.80	0.32455
432.00	0.31601
432.20	0.30795
432.40	0.30006
432.60	0.29218
432.80	0.28395
433.00	0.27572
433.20	0.26833
433.40	0.26162
433.60	0.25459
433.80	0.24837
434.00	0.24250
434.20	0.23679
434.40	0.23059
434.60	0.22354
434.80	0.21665
435.00	0.21028
435.20	0.20524
435.40	0.20038
435.60	0.19518
435.80	0.18997
436.00	0.18528
436.20	0.18108
436.40	0.17689
436.60	0.17269
436.80	0.16832
437.00	0.16380
437.20	0.15960
437.40	0.15540
437.60	0.15137
437.80	0.14784
438.00	0.14449
438.20	0.14080
438.40	0.13744
438.60	0.13410
438.80	0.13091
439.00	0.12738
439.20	0.12402
439.40	0.12067
439.60	0.11764
439.80	0.11496
440.00	0.11211
440.20	0.10992
440.40	0.10741
440.60	0.10523
440.80	0.10238
441.00	0.099680
441.20	0.097180
441.40	0.095490
441.60	0.093140
441.80	0.091300
442.00	0.089620
442.20	0.088280
442.40	0.086610
442.60	0.084920
442.80	0.082570
443.00	0.080730
443.20	0.078880
443.40	0.077200
443.60	0.075360
443.80	0.074010
444.00	0.072170
444.20	0.070990
444.40	0.069810
444.60	0.068480
444.80	0.066800
445.00	0.065120
445.20	0.063450
445.40	0.062100
445.60	0.061090
445.80	0.060260
446.00	0.059080
446.20	0.057910
446.40	0.056560
446.60	0.055380
446.80	0.054370
447.00	0.053210
447.20	0.051870
447.40	0.050520
447.60	0.049850
447.80	0.049510
448.00	0.049170
448.20	0.048330
448.40	0.047500
448.60	0.046990
448.80	0.046660
449.00	0.045650
449.20	0.044980
449.40	0.043970
449.60	0.042970
449.80	0.041460
450.00	0.040630
450.20	0.039780
450.40	0.039450
450.60	0.039280
450.80	0.038940
451.00	0.037930
451.20	0.036750
451.40	0.035750
451.60	0.035590
451.80	0.035250
452.00	0.035250
452.20	0.034910
452.40	0.034240
452.60	0.033240
452.80	0.032890
453.00	0.032230
453.20	0.031560
453.40	0.031050
453.60	0.030550
453.80	0.030050
454.00	0.029370
454.20	0.029030
454.40	0.028540
454.60	0.028540
454.80	0.028700
455.00	0.029040
455.20	0.029040
455.40	0.028870
455.60	0.028540
455.80	0.028200
456.00	0.027690
456.20	0.026690
456.40	0.025840
456.60	0.025340
456.80	0.025010
457.00	0.024500
457.20	0.024680
457.40	0.024840
457.60	0.025010
457.80	0.024680
458.00	0.024510
458.20	0.023680
458.40	0.023170
458.60	0.022830
458.80	0.023340
459.00	0.023680
459.20	0.023500
459.40	0.022660
459.60	0.022670
459.80	0.022670
460.00	0.022670
460.20	0.022330
460.40	0.021670
460.60	0.021490
460.80	0.021670
461.00	0.022160
461.20	0.021650
461.40	0.021490
461.60	0.022000
461.80	0.021650
462.00	0.021490
462.20	0.021320
462.40	0.021310
462.60	0.020820
462.80	0.020310
463.00	0.020320
463.20	0.020310
463.40	0.020480
463.60	0.020650
463.80	0.020820
464.00	0.020820
464.20	0.020140
464.40	0.019640
464.60	0.019300
464.80	0.019300
465.00	0.019300
465.20	0.018970
465.40	0.019140
465.60	0.019300
465.80	0.019140
466.00	0.018800
466.20	0.019140
466.40	0.019810
466.60	0.020310
466.80	0.019810
467.00	0.019310
467.20	0.018970
467.40	0.019140
467.60	0.018640
467.80	0.018470
468.00	0.018470
468.20	0.018810
468.40	0.018630
468.60	0.018640
468.80	0.018810
469.00	0.018630
469.20	0.018470
469.40	0.018140
469.60	0.018300
469.80	0.017960
470.00	0.018120
470.20	0.018300
470.40	0.018970
470.60	0.018970
470.80	0.018640
471.00	0.017790
471.20	0.017290
471.40	0.016960
471.60	0.016960
471.80	0.017450
472.00	0.017960
472.20	0.018120
472.40	0.017790
472.60	0.017630
472.80	0.017630
473.00	0.018140
473.20	0.018640
473.40	0.018810
473.60	0.018810
473.80	0.018480
474.00	0.018140
474.20	0.017790
474.40	0.017810
474.60	0.018120
474.80	0.018480
475.00	0.018640
475.20	0.018810
475.40	0.018480
475.60	0.017790
475.80	0.017450
476.00	0.017810
476.20	0.018480
476.40	0.018810
476.60	0.018810
476.80	0.018810
477.00	0.018970
477.20	0.019480
477.40	0.019820
477.60	0.019480
477.80	0.019310
478.00	0.019310
478.20	0.019480
478.40	0.019480
478.60	0.019480
478.80	0.019640
479.00	0.019810
479.20	0.019810
479.40	0.019640
479.60	0.019300
479.80	0.018810
480.00	0.018810
480.20	0.019140
480.40	0.019650
480.60	0.019970
480.80	0.020150
481.00	0.019980
481.20	0.019640
481.40	0.019310
481.60	0.019480
481.80	0.019810
482.00	0.019310
482.20	0.019310
482.40	0.019310
482.60	0.019640
482.80	0.019640
483.00	0.019470
483.20	0.019480
483.40	0.019140
483.60	0.019480
483.80	0.019820
484.00	0.020480
484.20	0.021160
484.40	0.020980
484.60	0.020150
484.80	0.019820
485.00	0.020150
485.20	0.020320
485.40	0.019640
485.60	0.018810
485.80	0.018970
486.00	0.019640
486.20	0.020150
486.40	0.019980
486.60	0.019980
486.80	0.020150
487.00	0.019970
487.20	0.019640
487.40	0.019480
487.60	0.019300
487.80	0.019300
488.00	0.019300
488.20	0.019310
488.40	0.018970
488.60	0.019140
488.80	0.019810
489.00	0.020310
489.20	0.020490
489.40	0.019970
489.60	0.019810
489.80	0.019480
490.00	0.019640
490.20	0.019640
490.40	0.020150
490.60	0.020310
490.80	0.020480
491.00	0.020310
491.20	0.019980
491.40	0.019640
491.60	0.019810
491.80	0.019980
492.00	0.020490
492.20	0.020480
492.40	0.020640
492.60	0.020150
492.80	0.019810
493.00	0.019480
493.20	0.019470
493.40	0.019480
493.60	0.019480
493.80	0.019480
494.00	0.019310
494.20	0.019640
494.40	0.020140
494.60	0.020150
494.80	0.020150
495.00	0.019980
495.20	0.019640
495.40	0.019640
495.60	0.019470
495.80	0.019480
496.00	0.019300
496.20	0.019480
496.40	0.019640
496.60	0.019980
496.80	0.019810
497.00	0.019310
497.20	0.018970
497.40	0.019300
497.60	0.019640
497.80	0.019640
498.00	0.019640
498.20	0.019810
498.40	0.020310
498.60	0.020310
498.80	0.019980
499.00	0.019980
499.20	0.020150
499.40	0.019980
499.60	0.020490
499.80	0.020820
500.00	0.020650
500.20	0.020320
500.40	0.019980
500.60	0.019980
500.80	0.020310
501.00	0.020310
501.20	0.020310
501.40	0.020820
501.60	0.020820
501.80	0.020650
502.00	0.020650
502.20	0.020490
502.40	0.020150
502.60	0.019810
502.80	0.020640
503.00	0.021320
503.20	0.021310
503.40	0.021650
503.60	0.021650
503.80	0.021820
504.00	0.021670
504.20	0.021650
504.40	0.021980
504.60	0.022670
504.80	0.023170
505.00	0.023010
505.20	0.022500
505.40	0.022330
505.60	0.022330
505.80	0.022160
506.00	0.022830
506.20	0.023340
506.40	0.023330
506.60	0.023500
506.80	0.023670
507.00	0.023340
507.20	0.022670
507.40	0.022160
507.60	0.022330
507.80	0.022830
508.00	0.023160
508.20	0.023500
508.40	0.024010
508.60	0.024680
508.80	0.025350
509.00	0.025350
509.20	0.025010
509.40	0.024510
509.60	0.024170
509.80	0.024170
510.00	0.024510
510.20	0.025180
510.40	0.025860
510.60	0.026190
510.80	0.026020
511.00	0.026020
511.20	0.026190
511.40	0.026350
511.60	0.026690
511.80	0.027030
512.00	0.026860
512.20	0.026520
512.40	0.025840
512.60	0.026020
512.80	0.026690
513.00	0.027360
513.20	0.028200
513.40	0.028030
513.60	0.027690
513.80	0.027690
514.00	0.027870
514.20	0.028200
514.40	0.028700
514.60	0.029210
514.80	0.029540
515.00	0.029370
515.20	0.029550
515.40	0.029880
515.60	0.030390
515.80	0.030550
516.00	0.030220
516.20	0.029880
516.40	0.029720
516.60	0.029880
516.80	0.030050
517.00	0.030050
517.20	0.030220
517.40	0.030050
517.60	0.030050
517.80	0.029880
518.00	0.030210
518.20	0.030210
518.40	0.030220
518.60	0.030720
518.80	0.031220
519.00	0.031220
519.20	0.031390
519.40	0.031550
519.60	0.031720
519.80	0.031390
520.00	0.030890
520.20	0.030390
520.40	0.030210
520.60	0.030380
520.80	0.030720
521.00	0.031220
521.20	0.031060
521.40	0.031060
521.60	0.030550
521.80	0.030550
522.00	0.030050
522.20	0.030390
522.40	0.030720
522.60	0.030880
522.80	0.030220
523.00	0.029550
523.20	0.029370
523.40	0.029540
523.60	0.029870
523.80	0.029720
524.00	0.030050
524.20	0.030550
524.40	0.030890
524.60	0.030720
524.80	0.030390
525.00	0.029880
525.20	0.029870
525.40	0.029700
525.60	0.030050
525.80	0.029700
526.00	0.029880
526.20	0.029870
526.40	0.029880
526.60	0.029700
526.80	0.029540
527.00	0.029210
527.20	0.028700
527.40	0.028200
527.60	0.028030
527.80	0.028370
528.00	0.029030
528.20	0.029030
528.40	0.028700
528.60	0.028200
528.80	0.028200
529.00	0.028200
529.20	0.028200
529.40	0.028030
529.60	0.028030
529.80	0.028030
530.00	0.027690
530.20	0.027530
530.40	0.027700
530.60	0.027870
530.80	0.027700
531.00	0.027200
531.20	0.026690
531.40	0.026530
531.60	0.026520
531.80	0.026690
532.00	0.026520
532.20	0.026350
532.40	0.026020
532.60	0.025860
532.80	0.025690
533.00	0.026020
533.20	0.026190
533.40	0.025680
533.60	0.025010
533.80	0.025350
534.00	0.025680
534.20	0.025860
534.40	0.025690
534.60	0.026020
534.80	0.025860
535.00	0.025680
535.20	0.025010
535.40	0.025010
535.60	0.025020
535.80	0.025350
536.00	0.025340
536.20	0.025510
536.40	0.025690
536.60	0.025840
536.80	0.025690
537.00	0.025180
537.20	0.025020
537.40	0.025020
537.60	0.025010
537.80	0.025020
538.00	0.024840
538.20	0.024850
538.40	0.025010
538.60	0.025170
538.80	0.024840
539.00	0.024340
539.20	0.024170
539.40	0.024350
539.60	0.024500
539.80	0.024350
540.00	0.024510
540.20	0.024340
540.40	0.024170
540.60	0.023840
540.80	0.024170
541.00	0.024510
541.20	0.024340
541.40	0.024340
541.60	0.024010
541.80	0.023840
542.00	0.024180
542.20	0.024510
542.40	0.024340
542.60	0.024170
542.80	0.024510
543.00	0.024840
543.20	0.024850
543.40	0.024510
543.60	0.024680
543.80	0.025020
544.00	0.025510
544.20	0.025690
544.40	0.025690
544.60	0.025860
544.80	0.025860
545.00	0.025690
545.20	0.025350
545.40	0.025010
545.60	0.025350
545.80	0.025680
546.00	0.026190
546.20	0.026360
546.40	0.026020
546.60	0.025860
546.80	0.025690
547.00	0.025860
547.20	0.026190
547.40	0.026690
547.60	0.026860
547.80	0.026690
548.00	0.026690
548.20	0.026860
548.40	0.026860
548.60	0.026690
548.80	0.026690
549.00	0.026520
549.20	0.026350
549.40	0.026190
549.60	0.026190
549.80	0.026360
550.00	0.027020
550.20	0.027540
550.40	0.027360
550.60	0.027360
550.80	0.027530
551.00	0.028360
551.20	0.029030
551.40	0.028870
551.60	0.028540
551.80	0.028360
552.00	0.028040
552.20	0.027690
552.40	0.027700
552.60	0.028210
552.80	0.028540
553.00	0.028870
553.20	0.029040
553.40	0.029370
553.60	0.029370
553.80	0.029040
554.00	0.029040
554.20	0.029210
554.40	0.029370
554.60	0.029880
554.80	0.030210
555.00	0.030220
555.20	0.030220
555.40	0.030390
555.60	0.030720
555.80	0.031220
556.00	0.031550
556.20	0.031890
556.40	0.031890
556.60	0.031730
556.80	0.031720
557.00	0.031730
557.20	0.032230
557.40	0.032560
557.60	0.032730
557.80	0.032890
558.00	0.033070
558.20	0.033740
558.40	0.034080
558.60	0.033910
558.80	0.033740
559.00	0.033910
559.20	0.034240
559.40	0.034410
559.60	0.034580
559.80	0.035260
560.00	0.036090
560.20	0.036750
560.40	0.037100
560.60	0.036930
560.80	0.036590
561.00	0.036590
561.20	0.036420
561.40	0.036420
561.60	0.036590
561.80	0.036770
562.00	0.036770
562.20	0.037270
562.40	0.037600
562.60	0.037770
562.80	0.037600
563.00	0.037260
563.20	0.037260
563.40	0.036770
563.60	0.036930
563.80	0.036750
564.00	0.036930
564.20	0.037440
564.40	0.037600
564.60	0.037600
564.80	0.037770
565.00	0.037260
565.20	0.036770
565.40	0.036930
565.60	0.037260
565.80	0.037260
566.00	0.037440
566.20	0.037440
566.40	0.037600
566.60	0.037600
566.80	0.037940
567.00	0.037770
567.20	0.037590
567.40	0.037100
567.60	0.036600
567.80	0.036420
568.00	0.036250
568.20	0.036250
568.40	0.036250
568.60	0.036260
568.80	0.036260
569.00	0.036080
569.20	0.036080
569.40	0.036930
569.60	0.037260
569.80	0.036930
570.00	0.035920
570.20	0.035750
570.40	0.036090
570.60	0.036750
570.80	0.037100
571.00	0.037100
571.20	0.036770
571.40	0.036590
571.60	0.036770
571.80	0.036930
572.00	0.036930
572.20	0.037260
572.40	0.037430
572.60	0.037430
572.80	0.037440
573.00	0.037440
573.20	0.037600
573.40	0.037930
573.60	0.038610
573.80	0.039110
574.00	0.039450
574.20	0.039780
574.40	0.040120
574.60	0.039950
574.80	0.039610
575.00	0.039450
575.20	0.039940
575.40	0.040280
575.60	0.041290
575.80	0.041630
576.00	0.041960
576.20	0.041630
576.40	0.041790
576.60	0.041800
576.80	0.042800
577.00	0.043470
577.20	0.043800
577.40	0.043810
577.60	0.043970
577.80	0.044470
578.00	0.044640
578.20	0.044650
578.40	0.044650
578.60	0.045150
578.80	0.045660
579.00	0.045650
579.20	0.045990
579.40	0.046500
579.60	0.047500
579.80	0.047830
580.00	0.048170
580.20	0.048350
580.40	0.048840
580.60	0.049180
580.80	0.049680
581.00	0.049850
581.20	0.049680
581.40	0.049350
581.60	0.049850
581.80	0.050520
582.00	0.051690
582.20	0.052360
582.40	0.052200
582.60	0.052030
582.80	0.051870
583.00	0.052200
583.20	0.052370
583.40	0.052540
583.60	0.052540
583.80	0.052700
584.00	0.053040
584.20	0.053700
584.40	0.053880
584.60	0.053700
584.80	0.053700
585.00	0.054040
585.20	0.054550
585.40	0.054880
585.60	0.055560
585.80	0.055890
586.00	0.056070
586.20	0.056220
586.40	0.056570
586.60	0.056900
586.80	0.057070
587.00	0.057400
587.20	0.057740
587.40	0.058410
587.60	0.058240
587.80	0.058080
588.00	0.058080
588.20	0.058740
588.40	0.059080
588.60	0.059240
588.80	0.059420
589.00	0.059420
589.20	0.059410
589.40	0.059750
589.60	0.059920
589.80	0.060250
590.00	0.060590
590.20	0.060750
590.40	0.060760
590.60	0.060750
590.80	0.061100
591.00	0.061760
591.20	0.062270
591.40	0.062270
591.60	0.061930
591.80	0.062100
592.00	0.062270
592.20	0.062770
592.40	0.063280
592.60	0.063450
592.80	0.063610
593.00	0.063610
593.20	0.063610
593.40	0.063610
593.60	0.063610
593.80	0.063610
594.00	0.063610
594.20	0.064280
594.40	0.064790
594.60	0.064780
594.80	0.064280
595.00	0.063780
595.20	0.063610
595.40	0.063610
595.60	0.063610
595.80	0.063270
596.00	0.063610
596.20	0.063940
596.40	0.064110
596.60	0.063950
596.80	0.064120
597.00	0.064120
597.20	0.064120
597.40	0.064120
597.60	0.064120
597.80	0.063780
598.00	0.063610
598.20	0.063780
598.40	0.063950
598.60	0.063610
598.80	0.063270
599.00	0.062940
599.20	0.062940
599.40	0.062430
599.60	0.062430
599.80	0.062450
600.00	0.062270
600.20	0.061600
600.40	0.061260
600.60	0.060920
600.80	0.061090
601.00	0.061600
601.20	0.061600
601.40	0.060930
601.60	0.060250
601.80	0.060080
602.00	0.060250
602.20	0.060090
602.40	0.059920
602.60	0.059240
602.80	0.058750
603.00	0.058410
603.20	0.058570
603.40	0.058900
603.60	0.058910
603.80	0.058580
604.00	0.057900
604.20	0.057400
604.40	0.057230
604.60	0.056900
604.80	0.056400
605.00	0.056060
605.20	0.056070
605.40	0.056060
605.60	0.056060
605.80	0.055890
606.00	0.055550
606.20	0.055890
606.40	0.055730
606.60	0.055890
606.80	0.055890
607.00	0.055890
607.20	0.055890
607.40	0.055890
607.60	0.055730
607.80	0.055050
608.00	0.054540
608.20	0.054880
608.40	0.055380
608.60	0.055380
608.80	0.054880
609.00	0.054210
609.20	0.054370
609.40	0.054040
609.60	0.054040
609.80	0.054370
610.00	0.054550
610.20	0.054710
610.40	0.055050
610.60	0.055380
610.80	0.055710
611.00	0.056070
611.20	0.056560
611.40	0.056740
611.60	0.057070
611.80	0.057570
612.00	0.057900
612.20	0.058070
612.40	0.058230
612.60	0.058740
612.80	0.059240
613.00	0.059920
613.20	0.060420
613.40	0.061090
613.60	0.062430
613.80	0.063280
614.00	0.064280
614.20	0.064610
614.40	0.064950
614.60	0.065620
614.80	0.066620
615.00	0.067970
615.20	0.069320
615.40	0.070150
615.60	0.071160
615.80	0.072330
616.00	0.073670
616.20	0.075020
616.40	0.076700
616.60	0.078200
616.80	0.079890
617.00	0.081230
617.20	0.082570
617.40	0.084240
617.60	0.086260
617.80	0.088110
618.00	0.090290
618.20	0.092140
618.40	0.094330
618.60	0.096330
618.80	0.098520
619.00	0.10053
619.20	0.10254
619.40	0.10523
619.60	0.10807
619.80	0.11077
620.00	0.11311
620.20	0.11596
620.40	0.11933
620.60	0.12301
620.80	0.12637
621.00	0.13006
621.20	0.13341
621.40	0.13678
621.60	0.14013
621.80	0.14399
622.00	0.14802
622.20	0.15238
622.40	0.15641
622.60	0.16043
622.80	0.16464
623.00	0.16916
623.20	0.17420
623.40	0.17872
623.60	0.18310
623.80	0.18713
624.00	0.19215
624.20	0.19735
624.40	0.20272
624.60	0.20793
624.80	0.21279
625.00	0.21767
625.20	0.22303
625.40	0.22857
625.60	0.23394
625.80	0.23864
626.00	0.24368
626.20	0.24921
626.40	0.25492
626.60	0.26062
626.80	0.26565
627.00	0.27085
627.20	0.27656
627.40	0.28227
627.60	0.28781
627.80	0.29284
628.00	0.29821
628.20	0.30342
628.40	0.30844
628.60	0.31264
628.80	0.31717
629.00	0.32120
629.20	0.32539
629.40	0.32959
629.60	0.33379
629.80	0.33713
630.00	0.34050
630.20	0.34453
630.40	0.34855
630.60	0.35208
630.80	0.35527
631.00	0.35862
631.20	0.36114
631.40	0.36332
631.60	0.36550
631.80	0.36735
632.00	0.36885
632.20	0.37020
632.40	0.37137
632.60	0.37238
632.80	0.37322
633.00	0.37356
633.20	0.37372
633.40	0.37356
633.60	0.37322
633.80	0.37238
634.00	0.37088
634.20	0.36919
634.40	0.36702
634.60	0.36500
634.80	0.36299
635.00	0.36047
635.20	0.35761
635.40	0.35460
635.60	0.35157
635.80	0.34738
636.00	0.34385
636.20	0.34034
636.40	0.33648
636.60	0.33227
636.80	0.32725
637.00	0.32188
637.20	0.31650
637.40	0.31114
637.60	0.30610
637.80	0.30022
638.00	0.29486
638.20	0.28949
638.40	0.28479
638.60	0.27958
638.80	0.27388
639.00	0.26851
639.20	0.26280
639.40	0.25642
639.60	0.24955
639.80	0.24299
640.00	0.23729
640.20	0.23125
640.40	0.22505
640.60	0.21867
640.80	0.21246
641.00	0.20675
641.20	0.20105
641.40	0.19534
641.60	0.18947
641.80	0.18410
642.00	0.17872
642.20	0.17319
642.40	0.16765
642.60	0.16228
642.80	0.15708
643.00	0.15171
643.20	0.14617
643.40	0.14080
643.60	0.13611
643.80	0.13174
644.00	0.12670
644.20	0.12167
644.40	0.11731
644.60	0.11345
644.80	0.10976
645.00	0.10573
645.20	0.10187
645.40	0.098350
645.60	0.095160
645.80	0.091460
646.00	0.087440
646.20	0.083750
646.40	0.080720
646.60	0.078040
646.80	0.075530
647.00	0.072670
647.20	0.069810
647.40	0.067470
647.60	0.064950
647.80	0.062770
648.00	0.060420
648.20	0.057900
648.40	0.055560
648.60	0.053370
648.80	0.051520
649.00	0.050020
649.20	0.048680
649.40	0.047170
649.60	0.045830
649.80	0.044310
650.00	0.042630
650.20	0.041130
650.40	0.039780
650.60	0.038610
650.80	0.037100
651.00	0.036080
651.20	0.035250
651.40	0.034410
651.60	0.033070
651.80	0.032070
652.00	0.031220
652.20	0.030210
652.40	0.029040
652.60	0.028030
652.80	0.027360
653.00	0.027020
653.20	0.026190
653.40	0.025510
653.60	0.025010
653.80	0.024840
654.00	0.024680
654.20	0.024170
654.40	0.023840
654.60	0.023340
654.80	0.023010
655.00	0.021820
655.20	0.021320
655.40	0.020980
655.60	0.020480
655.80	0.019980
656.00	0.019810
656.20	0.019300
656.40	0.018640
656.60	0.018480
656.80	0.018470
657.00	0.018140
657.20	0.017630
657.40	0.017300
657.60	0.017300
657.80	0.016960
658.00	0.016780
658.20	0.016290
658.40	0.016110
658.60	0.016290
658.80	0.016120
659.00	0.015780
659.20	0.015440
659.40	0.015280
659.60	0.015280
659.80	0.015110
660.00	0.014600
660.20	0.014280
660.40	0.013770
660.60	0.013930
660.80	0.013930
661.00	0.014100
661.20	0.014110
661.40	0.014110
661.60	0.013590
661.80	0.013270
662.00	0.013260
662.20	0.013260
662.40	0.013260
662.60	0.013100
662.80	0.012930
663.00	0.012770
663.20	0.012590
663.40	0.012590
663.60	0.012090
663.80	0.011920
664.00	0.011760
664.20	0.011760
664.40	0.011580
664.60	0.011250
664.80	0.011260
665.00	0.011090
665.20	0.011090
665.40	0.011070
665.60	0.010740
665.80	0.010240
666.00	0.010070
666.20	0.010240
666.40	0.010580
666.60	0.010580
666.80	0.010410
667.00	0.010250
667.20	0.010580
667.40	0.010760
667.60	0.010410
667.80	0.010250
668.00	0.010410
668.20	0.010580
668.40	0.010590
668.60	0.010240
668.80	0.0099100
669.00	0.0097400
669.20	0.0097400
669.40	0.0097400
669.60	0.0099100
669.80	0.010070
670.00	0.0099100
670.20	0.0094000
670.40	0.0092400
670.60	0.0092400
670.80	0.0094100
671.00	0.0092400
671.20	0.0092500
671.40	0.0089100
671.60	0.0089000
671.80	0.0085800
672.00	0.0084000
672.20	0.0087400
672.40	0.0090700
672.60	0.0089100
672.80	0.0085800
673.00	0.0080700
673.20	0.0077200
673.40	0.0075600
673.60	0.0073900
673.80	0.0073900
674.00	0.0077200
674.20	0.0077200
674.40	0.0072100
674.60	0.0072300
674.80	0.0079000
675.00	0.0082400
675.20	0.0082400
675.40	0.0079000
675.60	0.0075600
675.80	0.0073900
676.00	0.0070500
676.20	0.0069000
676.40	0.0068800
676.60	0.0072300
676.80	0.0079000
677.00	0.0080600
677.20	0.0077300
677.40	0.0072300
677.60	0.0070600
677.80	0.0070500
678.00	0.0072300
678.20	0.0073900
678.40	0.0075700
678.60	0.0072300
678.80	0.0070600
679.00	0.0067200
679.20	0.0067200
679.40	0.0067200
679.60	0.0067300
679.80	0.0067300
680.00	0.0063800
680.20	0.0063800
680.40	0.0069000
680.60	0.0068800
680.80	0.0067200
681.00	0.0060500
681.20	0.0057200
681.40	0.0058800
681.60	0.0060500
681.80	0.0055500
682.00	0.0052100
682.20	0.0053800
682.40	0.0055400
682.60	0.0057100
682.80	0.0055500
683.00	0.0053800
683.20	0.0050400
683.40	0.0048700
683.60	0.0052000
683.80	0.0060500
684.00	0.0062100
684.20	0.0057100
684.40	0.0052100
684.60	0.0053800
684.80	0.0057100
685.00	0.0057100
685.20	0.0055400
685.40	0.0053800
685.60	0.0053800
685.80	0.0055400
686.00	0.0053800
686.20	0.0052100
686.40	0.0048700
686.60	0.0052100
686.80	0.0053800
687.00	0.0055400
687.20	0.0055400
687.40	0.0055400
687.60	0.0055400
687.80	0.0052100
688.00	0.0053800
688.20	0.0053800
688.40	0.0057200
688.60	0.0057200
688.80	0.0057200
689.00	0.0055400
689.20	0.0057200
689.40	0.0057200
689.60	0.0055400
689.80	0.0052100
690.00	0.0050400
690.20	0.0050500
690.40	0.0047100
690.60	0.0043800
690.80	0.0047100
691.00	0.0050500
691.20	0.0048700
691.40	0.0047100
691.60	0.0047100
691.80	0.0047100
692.00	0.0047100
692.20	0.0048700
692.40	0.0048700
692.60	0.0047100
692.80	0.0045300
693.00	0.0047100
693.20	0.0045400
693.40	0.0045400
693.60	0.0045400
693.80	0.0043700
694.00	0.0042000
694.20	0.0040400
694.40	0.0042000
694.60	0.0042000
694.80	0.0038700
695.00	0.0037100
695.20	0.0037000
695.40	0.0035400
695.60	0.0032000
695.80	0.0030400
696.00	0.0032000
696.20	0.0035300
696.40	0.0040400
696.60	0.0038700
696.80	0.0037100
697.00	0.0035300
697.20	0.0037000
697.40	0.0040400
697.60	0.0042000
697.80	0.0040400
698.00	0.0037000
698.20	0.0035300
698.40	0.0033700
698.60	0.0030400
698.80	0.0030400
699.00	0.0033700
699.20	0.0040400
699.40	0.0045400
699.60	0.0047100
699.80	0.0043700
700.00	0.0042100
