Wavelength (nm)	L214 ZnC-T5M10A15 (SE249).abs

350.00	0.054833
350.20	0.054654
350.40	0.055023
350.60	0.054983
350.80	0.055262
351.00	0.055082
351.20	0.055721
351.40	0.055990
351.60	0.056150
351.80	0.055940
352.00	0.056818
352.20	0.056329
352.40	0.056439
352.60	0.056918
352.80	0.056978
353.00	0.056399
353.20	0.056998
353.40	0.057247
353.60	0.056778
353.80	0.057656
354.00	0.057137
354.20	0.057117
354.40	0.057247
354.60	0.057756
354.80	0.057457
355.00	0.057237
355.20	0.058524
355.40	0.058524
355.60	0.058135
355.80	0.058354
356.00	0.058963
356.20	0.058414
356.40	0.058205
356.60	0.059023
356.80	0.058414
357.00	0.058863
357.20	0.059063
357.40	0.058883
357.60	0.058564
357.80	0.059172
358.00	0.059332
358.20	0.059232
358.40	0.059093
358.60	0.059561
358.80	0.059212
359.00	0.058863
359.20	0.059152
359.40	0.059282
359.60	0.059003
359.80	0.059362
360.00	0.059013
360.20	0.059102
360.40	0.059412
360.60	0.059651
360.80	0.059422
361.00	0.059132
361.20	0.059641
361.40	0.059811
361.60	0.059501
361.80	0.059482
362.00	0.059631
362.20	0.059521
362.40	0.059641
362.60	0.059940
362.80	0.060040
363.00	0.059312
363.20	0.059721
363.40	0.059841
363.60	0.059262
363.80	0.059721
364.00	0.059851
364.20	0.059561
364.40	0.059731
364.60	0.060230
364.80	0.059861
365.00	0.059891
365.20	0.059960
365.40	0.060180
365.60	0.059781
365.80	0.059781
366.00	0.059930
366.20	0.059861
366.40	0.059801
366.60	0.060260
366.80	0.060030
367.00	0.059901
367.20	0.060349
367.40	0.060449
367.60	0.060100
367.80	0.060479
368.00	0.060848
368.20	0.060629
368.40	0.060868
368.60	0.061058
368.80	0.061048
369.00	0.060958
369.20	0.061407
369.40	0.061556
369.60	0.061117
369.80	0.061487
370.00	0.061507
370.20	0.061756
370.40	0.062145
370.60	0.061826
370.80	0.062025
371.00	0.062534
371.20	0.062324
371.40	0.062005
371.60	0.062704
371.80	0.063053
372.00	0.062674
372.20	0.063023
372.40	0.063302
372.60	0.063302
372.80	0.063332
373.00	0.063871
373.20	0.063631
373.40	0.063841
373.60	0.064050
373.80	0.064519
374.00	0.064290
374.20	0.064499
374.40	0.065098
374.60	0.065237
374.80	0.065307
375.00	0.065746
375.20	0.066464
375.40	0.066015
375.60	0.066754
375.80	0.067282
376.00	0.067232
376.20	0.067761
376.40	0.068399
376.60	0.068629
376.80	0.068938
377.00	0.069976
377.20	0.070434
377.40	0.070544
377.60	0.071532
377.80	0.072509
378.00	0.072828
378.20	0.073257
378.40	0.074464
378.60	0.074963
378.80	0.075522
379.00	0.076699
379.20	0.077477
379.40	0.078245
379.60	0.079213
379.80	0.080320
380.00	0.081108
380.20	0.082245
380.40	0.083781
380.60	0.084609
380.80	0.085966
381.00	0.087332
381.20	0.088629
381.40	0.089697
381.60	0.091522
381.80	0.093028
382.00	0.094475
382.20	0.096061
382.40	0.098136
382.60	0.099911
382.80	0.10130
383.00	0.10354
383.20	0.10531
383.40	0.10698
383.60	0.10939
383.80	0.11137
384.00	0.11331
384.20	0.11554
384.40	0.11811
384.60	0.12005
384.80	0.12232
385.00	0.12477
385.20	0.12713
385.40	0.12928
385.60	0.13177
385.80	0.13458
386.00	0.13680
386.20	0.13941
386.40	0.14218
386.60	0.14461
386.80	0.14694
387.00	0.15014
387.20	0.15264
387.40	0.15490
387.60	0.15744
387.80	0.16015
388.00	0.16246
388.20	0.16510
388.40	0.16762
388.60	0.17001
388.80	0.17230
389.00	0.17496
389.20	0.17739
389.40	0.17947
389.60	0.18203
389.80	0.18456
390.00	0.18612
390.20	0.18804
390.40	0.19037
390.60	0.19223
390.80	0.19358
391.00	0.19573
391.20	0.19738
391.40	0.19879
391.60	0.20018
391.80	0.20183
392.00	0.20288
392.20	0.20408
392.40	0.20544
392.60	0.20647
392.80	0.20707
393.00	0.20788
393.20	0.20879
393.40	0.20915
393.60	0.20970
393.80	0.21054
394.00	0.21051
394.20	0.21085
394.40	0.21135
394.60	0.21123
394.80	0.21094
395.00	0.21162
395.20	0.21176
395.40	0.21122
395.60	0.21140
395.80	0.21144
396.00	0.21119
396.20	0.21121
396.40	0.21118
396.60	0.21122
396.80	0.21123
397.00	0.21134
397.20	0.21141
397.40	0.21144
397.60	0.21180
397.80	0.21219
398.00	0.21258
398.20	0.21298
398.40	0.21391
398.60	0.21460
398.80	0.21566
399.00	0.21704
399.20	0.21850
399.40	0.21950
399.60	0.22143
399.80	0.22353
400.00	0.22561
400.20	0.22783
400.40	0.23077
400.60	0.23404
400.80	0.23650
401.00	0.24020
401.20	0.24448
401.40	0.24807
401.60	0.25233
401.80	0.25729
402.00	0.26215
402.20	0.26734
402.40	0.27318
402.60	0.27888
402.80	0.28519
403.00	0.29218
403.20	0.29938
403.40	0.30657
403.60	0.31462
403.80	0.32304
404.00	0.33177
404.20	0.34041
404.40	0.35027
404.60	0.36011
404.80	0.37034
405.00	0.38097
405.20	0.39229
405.40	0.40388
405.60	0.41599
405.80	0.42854
406.00	0.44154
406.20	0.45475
406.40	0.46874
406.60	0.48332
406.80	0.49736
407.00	0.51246
407.20	0.52800
407.40	0.54403
407.60	0.56042
407.80	0.57720
408.00	0.59368
408.20	0.61118
408.40	0.62857
408.60	0.64658
408.80	0.66439
409.00	0.68289
409.20	0.70137
409.40	0.71943
409.60	0.73774
409.80	0.75650
410.00	0.77472
410.20	0.79267
410.40	0.81065
410.60	0.82841
410.80	0.84545
411.00	0.86222
411.20	0.87878
411.40	0.89389
411.60	0.90863
411.80	0.92297
412.00	0.93588
412.20	0.94772
412.40	0.95928
412.60	0.96892
412.80	0.97746
413.00	0.98461
413.20	0.99088
413.40	0.99499
413.60	0.99801
413.80	1.0000
414.00	0.99984
414.20	0.99806
414.40	0.99509
414.60	0.99078
414.80	0.98405
415.00	0.97674
415.20	0.96811
415.40	0.95710
415.60	0.94532
415.80	0.93270
416.00	0.91778
416.20	0.90248
416.40	0.88613
416.60	0.86827
416.80	0.84968
417.00	0.83065
417.20	0.81110
417.40	0.79029
417.60	0.76904
417.80	0.74794
418.00	0.72583
418.20	0.70339
418.40	0.68155
418.60	0.65956
418.80	0.63670
419.00	0.61447
419.20	0.59255
419.40	0.57020
419.60	0.54845
419.80	0.52737
420.00	0.50621
420.20	0.48581
420.40	0.46554
420.60	0.44567
420.80	0.42576
421.00	0.40721
421.20	0.38883
421.40	0.37079
421.60	0.35353
421.80	0.33698
422.00	0.32068
422.20	0.30497
422.40	0.29029
422.60	0.27593
422.80	0.26168
423.00	0.24858
423.20	0.23586
423.40	0.22363
423.60	0.21210
423.80	0.20092
424.00	0.19047
424.20	0.18028
424.40	0.17100
424.60	0.16192
424.80	0.15301
425.00	0.14477
425.20	0.13743
425.40	0.12981
425.60	0.12253
425.80	0.11616
426.00	0.11021
426.20	0.10406
426.40	0.098654
426.60	0.093348
426.80	0.088250
427.00	0.083602
427.20	0.079263
427.40	0.075003
427.60	0.070933
427.80	0.067721
428.00	0.064150
428.20	0.060848
428.40	0.057716
428.60	0.055132
428.80	0.052210
429.00	0.050015
429.20	0.047751
429.40	0.045197
429.60	0.043052
429.80	0.041526
430.00	0.039511
430.20	0.037506
430.40	0.036100
430.60	0.034863
430.80	0.032917
431.00	0.031770
431.20	0.030573
431.40	0.029556
431.60	0.028299
431.80	0.027690
432.00	0.026443
432.20	0.025207
432.40	0.024638
432.60	0.023840
432.80	0.023062
433.00	0.022124
433.20	0.021615
433.40	0.021276
433.60	0.020269
433.80	0.019790
434.00	0.019551
434.20	0.018992
434.40	0.018443
434.60	0.018234
434.80	0.017256
435.00	0.016937
435.20	0.016688
435.40	0.016259
435.60	0.015790
435.80	0.015640
436.00	0.015540
436.20	0.014992
436.40	0.014623
436.60	0.014872
436.80	0.014094
437.00	0.013974
437.20	0.014094
437.40	0.013296
437.60	0.013336
437.80	0.013226
438.00	0.013126
438.20	0.012727
438.40	0.012787
438.60	0.012807
438.80	0.012348
439.00	0.012398
439.20	0.012079
439.40	0.012029
439.60	0.011750
439.80	0.011979
440.00	0.011660
440.20	0.011530
440.40	0.011530
440.60	0.011471
440.80	0.011301
441.00	0.010952
441.20	0.010912
441.40	0.011022
441.60	0.010653
441.80	0.010633
442.00	0.010712
442.20	0.010653
442.40	0.010423
442.60	0.010563
442.80	0.010403
443.00	0.010164
443.20	0.010463
443.40	0.010613
443.60	0.0099144
443.80	0.010313
444.00	0.010403
444.20	0.010313
444.40	0.010044
444.60	0.010373
444.80	0.0099843
445.00	0.010234
445.20	0.010293
445.40	0.010184
445.60	0.0099743
445.80	0.010024
446.00	0.010194
446.20	0.010024
446.40	0.010164
446.60	0.010274
446.80	0.0098546
447.00	0.010074
447.20	0.010044
447.40	0.010054
447.60	0.0097349
447.80	0.010303
448.00	0.0099743
448.20	0.0096152
448.40	0.0097648
448.60	0.010124
448.80	0.0099244
449.00	0.0097049
449.20	0.0099244
449.40	0.010004
449.60	0.0096351
449.80	0.010054
450.00	0.0098945
450.20	0.0099144
450.40	0.0097847
450.60	0.0099044
450.80	0.0097548
451.00	0.0097448
451.20	0.0097748
451.40	0.010114
451.60	0.0096551
451.80	0.0097548
452.00	0.010134
452.20	0.0096052
452.40	0.0096950
452.60	0.0098645
452.80	0.0096551
453.00	0.0096551
453.20	0.0098745
453.40	0.0099144
453.60	0.0096351
453.80	0.0096551
454.00	0.0097748
454.20	0.0096950
454.40	0.0095753
454.60	0.0098147
454.80	0.0096950
455.00	0.0095753
455.20	0.0099044
455.40	0.0099942
455.60	0.0096850
455.80	0.0096451
456.00	0.0098047
456.20	0.0098745
456.40	0.0096950
456.60	0.0099443
456.80	0.0097049
457.00	0.0097349
457.20	0.010014
457.40	0.0099743
457.60	0.0097847
457.80	0.0098745
458.00	0.0096451
458.20	0.010054
458.40	0.0096052
458.60	0.0097748
458.80	0.0098845
459.00	0.0098546
459.20	0.010004
459.40	0.010104
459.60	0.0096351
459.80	0.0098945
460.00	0.010114
460.20	0.0097548
460.40	0.0096750
460.60	0.010014
460.80	0.0099843
461.00	0.0097349
461.20	0.010084
461.40	0.0099942
461.60	0.0099942
461.80	0.010144
462.00	0.010303
462.20	0.0099643
462.40	0.010124
462.60	0.010034
462.80	0.010164
463.00	0.010094
463.20	0.010363
463.40	0.010483
463.60	0.010244
463.80	0.010264
464.00	0.010403
464.20	0.010433
464.40	0.010443
464.60	0.010563
464.80	0.010453
465.00	0.010413
465.20	0.010453
465.40	0.010852
465.60	0.010483
465.80	0.010673
466.00	0.010812
466.20	0.010882
466.40	0.010762
466.60	0.010982
466.80	0.010892
467.00	0.010802
467.20	0.011062
467.40	0.011331
467.60	0.010952
467.80	0.011022
468.00	0.011361
468.20	0.011251
468.40	0.011111
468.60	0.011281
468.80	0.011371
469.00	0.011301
469.20	0.011540
469.40	0.011850
469.60	0.011411
469.80	0.011331
470.00	0.011730
470.20	0.011461
470.40	0.011441
470.60	0.012019
470.80	0.011690
471.00	0.011959
471.20	0.011969
471.40	0.012009
471.60	0.012039
471.80	0.012069
472.00	0.011959
472.20	0.012079
472.40	0.011860
472.60	0.012518
472.80	0.012059
473.00	0.012189
473.20	0.012468
473.40	0.012508
473.60	0.012338
473.80	0.012239
474.00	0.012618
474.20	0.012578
474.40	0.012498
474.60	0.012528
474.80	0.012518
475.00	0.012648
475.20	0.012568
475.40	0.012668
475.60	0.012698
475.80	0.012558
476.00	0.012777
476.20	0.012558
476.40	0.012648
476.60	0.012628
476.80	0.012478
477.00	0.012568
477.20	0.012688
477.40	0.013027
477.60	0.012558
477.80	0.012408
478.00	0.012897
478.20	0.012628
478.40	0.012648
478.60	0.012707
478.80	0.012488
479.00	0.012638
479.20	0.012538
479.40	0.012688
479.60	0.012488
479.80	0.012468
480.00	0.012608
480.20	0.012558
480.40	0.012338
480.60	0.012508
480.80	0.012488
481.00	0.012338
481.20	0.012199
481.40	0.012727
481.60	0.012219
481.80	0.012348
482.00	0.012338
482.20	0.012428
482.40	0.012189
482.60	0.012348
482.80	0.012388
483.00	0.012179
483.20	0.012219
483.40	0.012249
483.60	0.011999
483.80	0.012009
484.00	0.012279
484.20	0.012009
484.40	0.011939
484.60	0.012378
484.80	0.012189
485.00	0.011860
485.20	0.011840
485.40	0.012009
485.60	0.011880
485.80	0.011929
486.00	0.011909
486.20	0.011790
486.40	0.011630
486.60	0.012019
486.80	0.012149
487.00	0.011600
487.20	0.011900
487.40	0.011979
487.60	0.011800
487.80	0.011830
488.00	0.011939
488.20	0.011690
488.40	0.011790
488.60	0.011780
488.80	0.011810
489.00	0.011730
489.20	0.011810
489.40	0.012029
489.60	0.011830
489.80	0.011530
490.00	0.012099
490.20	0.011880
490.40	0.011939
490.60	0.011860
490.80	0.012129
491.00	0.011979
491.20	0.011830
491.40	0.012139
491.60	0.012139
491.80	0.012079
492.00	0.012358
492.20	0.012219
492.40	0.012169
492.60	0.012328
492.80	0.012678
493.00	0.012239
493.20	0.012388
493.40	0.012658
493.60	0.012558
493.80	0.012578
494.00	0.012777
494.20	0.012827
494.40	0.012867
494.60	0.013017
494.80	0.013346
495.00	0.012947
495.20	0.013176
495.40	0.013306
495.60	0.013426
495.80	0.013496
496.00	0.013346
496.20	0.013845
496.40	0.013615
496.60	0.013905
496.80	0.014264
497.00	0.014124
497.20	0.014314
497.40	0.014443
497.60	0.014244
497.80	0.014463
498.00	0.014782
498.20	0.014962
498.40	0.015102
498.60	0.015401
498.80	0.015471
499.00	0.015281
499.20	0.015331
499.40	0.015670
499.60	0.015780
499.80	0.015800
500.00	0.016149
500.20	0.016458
500.40	0.016368
500.60	0.016708
500.80	0.016977
501.00	0.017246
501.20	0.017416
501.40	0.017595
501.60	0.017935
501.80	0.017875
502.00	0.018284
502.20	0.018264
502.40	0.018324
502.60	0.018463
502.80	0.018902
503.00	0.018812
503.20	0.019351
503.40	0.019620
503.60	0.019720
503.80	0.019710
504.00	0.020169
504.20	0.020339
504.40	0.020369
504.60	0.020817
504.80	0.021147
505.00	0.021316
505.20	0.021516
505.40	0.021556
505.60	0.021775
505.80	0.021595
506.00	0.022134
506.20	0.022413
506.40	0.022543
506.60	0.022932
506.80	0.022822
507.00	0.023052
507.20	0.023142
507.40	0.023281
507.60	0.023291
507.80	0.023441
508.00	0.023491
508.20	0.023201
508.40	0.023351
508.60	0.023261
508.80	0.023311
509.00	0.023411
509.20	0.023451
509.40	0.023441
509.60	0.023341
509.80	0.023231
510.00	0.023271
510.20	0.023301
510.40	0.022832
510.60	0.022932
510.80	0.022942
511.00	0.022693
511.20	0.022443
511.40	0.022683
511.60	0.022493
511.80	0.022254
512.00	0.022134
512.20	0.022204
512.40	0.021775
512.60	0.021735
512.80	0.021785
513.00	0.021346
513.20	0.021446
513.40	0.021316
513.60	0.021157
513.80	0.020897
514.00	0.020718
514.20	0.020508
514.40	0.020458
514.60	0.020279
514.80	0.019890
515.00	0.019969
515.20	0.020039
515.40	0.019900
515.60	0.019670
515.80	0.019092
516.00	0.019301
516.20	0.018942
516.40	0.018802
516.60	0.018623
516.80	0.018623
517.00	0.018284
517.20	0.018104
517.40	0.018054
517.60	0.017945
517.80	0.017615
518.00	0.017386
518.20	0.017386
518.40	0.016977
518.60	0.017027
518.80	0.016887
519.00	0.016518
519.20	0.016289
519.40	0.016418
519.60	0.016139
519.80	0.015840
520.00	0.015910
520.20	0.015870
520.40	0.015511
520.60	0.015530
520.80	0.015570
521.00	0.015012
521.20	0.014922
521.40	0.014962
521.60	0.014593
521.80	0.014573
522.00	0.014663
522.20	0.014353
522.40	0.014194
522.60	0.014124
522.80	0.013865
523.00	0.013805
523.20	0.013755
523.40	0.013506
523.60	0.013655
523.80	0.013176
524.00	0.013256
524.20	0.013126
524.40	0.012977
524.60	0.013087
524.80	0.012857
525.00	0.012717
525.20	0.012558
525.40	0.012498
525.60	0.012368
525.80	0.012299
526.00	0.012019
526.20	0.012299
526.40	0.012139
526.60	0.012049
526.80	0.012039
527.00	0.011900
527.20	0.011670
527.40	0.011840
527.60	0.011780
527.80	0.011500
528.00	0.011780
528.20	0.011610
528.40	0.011381
528.60	0.011261
528.80	0.011491
529.00	0.011261
529.20	0.010982
529.40	0.011261
529.60	0.011161
529.80	0.011241
530.00	0.011121
530.20	0.011012
530.40	0.011141
530.60	0.010752
530.80	0.010992
531.00	0.010942
531.20	0.010892
531.40	0.010653
531.60	0.010832
531.80	0.010692
532.00	0.010702
532.20	0.010603
532.40	0.010583
532.60	0.010623
532.80	0.010503
533.00	0.010633
533.20	0.010543
533.40	0.010593
533.60	0.010643
533.80	0.010443
534.00	0.010503
534.20	0.010473
534.40	0.010184
534.60	0.010194
534.80	0.010254
535.00	0.010373
535.20	0.010054
535.40	0.010104
535.60	0.010214
535.80	0.010064
536.00	0.010094
536.20	0.010214
536.40	0.0099144
536.60	0.0098446
536.80	0.0098047
537.00	0.0098945
537.20	0.0099942
537.40	0.010044
537.60	0.0098047
537.80	0.0096850
538.00	0.0097349
538.20	0.0098346
538.40	0.0095753
538.60	0.0096351
538.80	0.0097349
539.00	0.0094955
539.20	0.0095254
539.40	0.0093758
539.60	0.0094755
539.80	0.0096551
540.00	0.0093259
540.20	0.0092860
540.40	0.0094356
540.60	0.0093857
540.80	0.0092960
541.00	0.0092461
541.20	0.0089867
541.40	0.0090765
541.60	0.0092760
541.80	0.0090366
542.00	0.0091962
542.20	0.0090865
542.40	0.0089767
542.60	0.0090765
542.80	0.0091862
543.00	0.0092960
543.20	0.0090565
543.40	0.0090266
543.60	0.0091164
543.80	0.0087573
544.00	0.0089668
544.20	0.0090166
544.40	0.0089867
544.60	0.0088171
544.80	0.0090765
545.00	0.0091264
545.20	0.0090466
545.40	0.0093059
545.60	0.0092860
545.80	0.0089967
546.00	0.0090067
546.20	0.0092660
546.40	0.0091264
546.60	0.0091763
546.80	0.0094755
547.00	0.0093159
547.20	0.0093359
547.40	0.0093957
547.60	0.0095553
547.80	0.0094157
548.00	0.0093558
548.20	0.0095354
548.40	0.0094955
548.60	0.0094855
548.80	0.0098246
549.00	0.0096451
549.20	0.0094057
549.40	0.0098147
549.60	0.0096351
549.80	0.0098047
550.00	0.0095254
550.20	0.0098945
550.40	0.010034
550.60	0.0098446
550.80	0.010104
551.00	0.010004
551.20	0.0097548
551.40	0.0098546
551.60	0.0099743
551.80	0.0096750
552.00	0.0098047
552.20	0.010014
552.40	0.010094
552.60	0.010064
552.80	0.0098546
553.00	0.010034
553.20	0.0099443
553.40	0.010054
553.60	0.0099543
553.80	0.010064
554.00	0.010164
554.20	0.010383
554.40	0.010134
554.60	0.010523
554.80	0.010463
555.00	0.010244
555.20	0.010453
555.40	0.010692
555.60	0.010782
555.80	0.010792
556.00	0.011101
556.20	0.011181
556.40	0.011012
556.60	0.011251
556.80	0.011471
557.00	0.011520
557.20	0.011800
557.40	0.011880
557.60	0.011989
557.80	0.012239
558.00	0.012318
558.20	0.012717
558.40	0.013077
558.60	0.013037
558.80	0.013466
559.00	0.013635
559.20	0.013915
559.40	0.014114
559.60	0.014144
559.80	0.014742
560.00	0.014593
560.20	0.015141
560.40	0.015281
560.60	0.015660
560.80	0.015770
561.00	0.016279
561.20	0.016388
561.40	0.017007
561.60	0.017186
561.80	0.017366
562.00	0.017795
562.20	0.018204
562.40	0.018354
562.60	0.018623
562.80	0.018673
563.00	0.019062
563.20	0.019291
563.40	0.019481
563.60	0.019760
563.80	0.020249
564.00	0.020398
564.20	0.020598
564.40	0.020728
564.60	0.020728
564.80	0.021186
565.00	0.021216
565.20	0.021605
565.40	0.021556
565.60	0.021785
565.80	0.021915
566.00	0.022174
566.20	0.022164
566.40	0.022234
566.60	0.022334
566.80	0.022623
567.00	0.022653
567.20	0.022673
567.40	0.022783
567.60	0.022902
567.80	0.022942
568.00	0.022792
568.20	0.023152
568.40	0.023082
568.60	0.023012
568.80	0.022922
569.00	0.023182
569.20	0.022952
569.40	0.023221
569.60	0.023531
569.80	0.023122
570.00	0.023221
570.20	0.023431
570.40	0.023381
570.60	0.023311
570.80	0.023680
571.00	0.023461
571.20	0.023650
571.40	0.023670
571.60	0.024039
571.80	0.023940
572.00	0.023890
572.20	0.024159
572.40	0.024179
572.60	0.024319
572.80	0.024339
573.00	0.024289
573.20	0.024498
573.40	0.024558
573.60	0.024758
573.80	0.024748
574.00	0.024857
574.20	0.025117
574.40	0.025117
574.60	0.024917
574.80	0.025017
575.00	0.025346
575.20	0.025216
575.40	0.025486
575.60	0.025296
575.80	0.025356
576.00	0.025516
576.20	0.025665
576.40	0.025596
576.60	0.025576
576.80	0.025366
577.00	0.025396
577.20	0.025326
577.40	0.025077
577.60	0.025216
577.80	0.025137
578.00	0.024837
578.20	0.024837
578.40	0.024738
578.60	0.024788
578.80	0.024508
579.00	0.024608
579.20	0.024309
579.40	0.024219
579.60	0.023890
579.80	0.023700
580.00	0.023491
580.20	0.023421
580.40	0.023421
580.60	0.023261
580.80	0.022982
581.00	0.022952
581.20	0.022493
581.40	0.022294
581.60	0.022134
581.80	0.021945
582.00	0.021905
582.20	0.021566
582.40	0.021436
582.60	0.021117
582.80	0.020927
583.00	0.020628
583.20	0.020269
583.40	0.020149
583.60	0.019770
583.80	0.019760
584.00	0.019381
584.20	0.019301
584.40	0.019142
584.60	0.018573
584.80	0.018593
585.00	0.018304
585.20	0.018094
585.40	0.017905
585.60	0.017745
585.80	0.017615
586.00	0.017496
586.20	0.017017
586.40	0.016837
586.60	0.016638
586.80	0.016578
587.00	0.016309
587.20	0.016209
587.40	0.015959
587.60	0.015570
587.80	0.015680
588.00	0.015521
588.20	0.015311
588.40	0.015181
588.60	0.015141
588.80	0.015231
589.00	0.014782
589.20	0.014932
589.40	0.014643
589.60	0.014673
589.80	0.014742
590.00	0.014513
590.20	0.014723
590.40	0.014713
590.60	0.014503
590.80	0.014593
591.00	0.014613
591.20	0.014782
591.40	0.014713
591.60	0.014772
591.80	0.014932
592.00	0.014822
592.20	0.015281
592.40	0.015381
592.60	0.015171
592.80	0.015431
593.00	0.015281
593.20	0.015840
593.40	0.015860
593.60	0.016149
593.80	0.016348
594.00	0.016528
594.20	0.016777
594.40	0.016937
594.60	0.017246
594.80	0.017456
595.00	0.017595
595.20	0.018234
595.40	0.018264
595.60	0.018593
595.80	0.018962
596.00	0.019541
596.20	0.019720
596.40	0.020079
596.60	0.020538
596.80	0.020857
597.00	0.021306
597.20	0.021715
597.40	0.021925
597.60	0.022613
597.80	0.023211
598.00	0.023411
598.20	0.023980
598.40	0.024628
598.60	0.024987
598.80	0.025725
599.00	0.026354
599.20	0.026862
599.40	0.027341
599.60	0.028099
599.80	0.028718
600.00	0.029755
600.20	0.030454
600.40	0.031192
600.60	0.031820
600.80	0.032778
601.00	0.033905
601.20	0.034613
601.40	0.035720
601.60	0.036768
601.80	0.037985
602.00	0.039082
602.20	0.040439
602.40	0.041845
602.60	0.043272
602.80	0.044569
603.00	0.046155
603.20	0.047840
603.40	0.049576
603.60	0.051072
603.80	0.053117
604.00	0.055092
604.20	0.057008
604.40	0.059162
604.60	0.061407
604.80	0.063502
605.00	0.066105
605.20	0.068818
605.40	0.071083
605.60	0.073597
605.80	0.076559
606.00	0.079492
606.20	0.082175
606.40	0.085407
606.60	0.088340
606.80	0.091392
607.00	0.094455
607.20	0.097757
607.40	0.10066
607.60	0.10389
607.80	0.10702
608.00	0.11038
608.20	0.11362
608.40	0.11662
608.60	0.12017
608.80	0.12309
609.00	0.12619
609.20	0.12907
609.40	0.13207
609.60	0.13485
609.80	0.13732
610.00	0.14002
610.20	0.14255
610.40	0.14470
610.60	0.14707
610.80	0.14895
611.00	0.15067
611.20	0.15223
611.40	0.15384
611.60	0.15502
611.80	0.15643
612.00	0.15730
612.20	0.15787
612.40	0.15866
612.60	0.15906
612.80	0.15911
613.00	0.15931
613.20	0.15940
613.40	0.15893
613.60	0.15842
613.80	0.15760
614.00	0.15699
614.20	0.15591
614.40	0.15488
614.60	0.15363
614.80	0.15232
615.00	0.15083
615.20	0.14917
615.40	0.14760
615.60	0.14554
615.80	0.14365
616.00	0.14165
616.20	0.13971
616.40	0.13729
616.60	0.13513
616.80	0.13275
617.00	0.13063
617.20	0.12813
617.40	0.12568
617.60	0.12334
617.80	0.12089
618.00	0.11820
618.20	0.11596
618.40	0.11334
618.60	0.11061
618.80	0.10812
619.00	0.10568
619.20	0.10293
619.40	0.10060
619.60	0.098026
619.80	0.095612
620.00	0.092919
620.20	0.090664
620.40	0.088031
620.60	0.085726
620.80	0.083582
621.00	0.081278
621.20	0.079033
621.40	0.076649
621.60	0.074514
621.80	0.072200
622.00	0.070105
622.20	0.067831
622.40	0.065946
622.60	0.063821
622.80	0.061716
623.00	0.060000
623.20	0.057856
623.40	0.055900
623.60	0.054494
623.80	0.052289
624.00	0.050484
624.20	0.049087
624.40	0.047421
624.60	0.045676
624.80	0.044219
625.00	0.042743
625.20	0.041287
625.40	0.039750
625.60	0.038254
625.80	0.037047
626.00	0.035631
626.20	0.034294
626.40	0.033207
626.60	0.032119
626.80	0.030882
627.00	0.029825
627.20	0.028618
627.40	0.027640
627.60	0.026743
627.80	0.025625
628.00	0.024768
628.20	0.023860
628.40	0.022703
628.60	0.022194
628.80	0.021266
629.00	0.020448
629.20	0.019391
629.40	0.018673
629.60	0.018004
629.80	0.017555
630.00	0.016767
630.20	0.016478
630.40	0.015700
630.60	0.015032
630.80	0.014513
631.00	0.014064
631.20	0.013555
631.40	0.012757
631.60	0.012428
631.80	0.012249
632.00	0.011610
632.20	0.011131
632.40	0.010523
632.60	0.010134
632.80	0.0098845
633.00	0.0094755
633.20	0.0092261
633.40	0.0087373
633.60	0.0085279
633.80	0.0084281
634.00	0.0077697
634.20	0.0076201
634.40	0.0073907
634.60	0.0072311
634.80	0.0067423
635.00	0.0065627
635.20	0.0064331
635.40	0.0060340
635.60	0.0057348
635.80	0.0058445
636.00	0.0054854
636.20	0.0052859
636.40	0.0053158
636.60	0.0048470
636.80	0.0048270
637.00	0.0046575
637.20	0.0044679
637.40	0.0046674
637.60	0.0043981
637.80	0.0042086
638.00	0.0042086
638.20	0.0039891
638.40	0.0038894
638.60	0.0041986
638.80	0.0040190
639.00	0.0037796
639.20	0.0038096
639.40	0.0037298
639.60	0.0033852
639.80	0.0035203
640.00	0.0033613
640.20	0.0035801
640.40	0.0034694
640.60	0.0035203
640.80	0.0034109
641.00	0.0036400
641.20	0.0035103
641.40	0.0035402
641.60	0.0034184
641.80	0.0034120
642.00	0.0035003
642.20	0.0035602
642.40	0.0034499
642.60	0.0034804
642.80	0.0035003
643.00	0.0033866
643.20	0.0034333
643.40	0.0035701
643.60	0.0031539
643.80	0.0035801
644.00	0.0034513
644.20	0.0033676
644.40	0.0034701
644.60	0.0032532
644.80	0.0033564
645.00	0.0034051
645.20	0.0034572
645.40	0.0035701
645.60	0.0034246
645.80	0.0035003
646.00	0.0036500
646.20	0.0033921
646.40	0.0032500
646.60	0.0033134
646.80	0.0034495
647.00	0.0031246
647.20	0.0033517
647.40	0.0033294
647.60	0.0031923
647.80	0.0032341
648.00	0.0030096
648.20	0.0030912
648.40	0.0031280
648.60	0.0029110
648.80	0.0029850
649.00	0.0028215
649.20	0.0031689
649.40	0.0031178
649.60	0.0030024
649.80	0.0028270
650.00	0.0028814
650.20	0.0027814
650.40	0.0026493
650.60	0.0026588
650.80	0.0026865
651.00	0.0029228
651.20	0.0026255
651.40	0.0026018
651.60	0.0025666
651.80	0.0025921
652.00	0.0027326
652.20	0.0023769
652.40	0.0027119
652.60	0.0025127
652.80	0.0024595
653.00	0.0023552
653.20	0.0023584
653.40	0.0023761
653.60	0.0023218
653.80	0.0022809
654.00	0.0022251
654.20	0.0019232
654.40	0.0019822
654.60	0.0019878
654.80	0.0022546
655.00	0.0019331
655.20	0.0016555
655.40	0.0019054
655.60	0.0017054
655.80	0.0020438
656.00	0.0017880
656.20	0.0018453
656.40	0.0016361
656.60	0.0018383
656.80	0.0016404
657.00	0.0018307
657.20	0.0016613
657.40	0.0019853
657.60	0.0017144
657.80	0.0019104
658.00	0.0016888
658.20	0.0019105
658.40	0.0017727
658.60	0.0017416
658.80	0.0019491
659.00	0.0016943
659.20	0.0015836
659.40	0.0015601
659.60	0.0016875
659.80	0.0018190
660.00	0.0016667
660.20	0.0015345
660.40	0.0016030
660.60	0.0015911
660.80	0.0014940
661.00	0.0016067
661.20	0.0014454
661.40	0.0014905
661.60	0.0016730
661.80	0.0016342
662.00	0.0014970
662.20	0.0016436
662.40	0.0016083
662.60	0.0014354
662.80	0.0016053
663.00	0.0012659
663.20	0.0016103
663.40	0.0019460
663.60	0.0016679
663.80	0.0017943
664.00	0.0014806
664.20	0.0014941
664.40	0.0016051
664.60	0.0015720
664.80	0.0015929
665.00	0.0015795
665.20	0.0014984
665.40	0.0013357
665.60	0.0013357
665.80	0.0015172
666.00	0.0015018
666.20	0.0015370
666.40	0.0016085
666.60	0.0014354
666.80	0.0014554
667.00	0.0013257
667.20	0.0014354
667.40	0.0014354
667.60	0.0013556
667.80	0.0017026
668.00	0.0016342
668.20	0.0012459
668.40	0.0015533
668.60	0.0015262
668.80	0.0015151
669.00	0.0015278
669.20	0.0014753
669.40	0.0017401
669.60	0.0015037
669.80	0.0015867
670.00	0.0016099
670.20	0.0017344
670.40	0.0014900
670.60	0.0012845
670.80	0.0015909
671.00	0.0011706
671.20	0.0014966
671.40	0.0012462
671.60	0.0013855
671.80	0.0013966
672.00	0.0012848
672.20	0.0014299
672.40	0.0014080
672.60	0.0011039
672.80	0.0014185
673.00	0.0010997
673.20	0.0013224
673.40	0.0013286
673.60	0.0011084
673.80	0.0012239
674.00	0.0013040
674.20	0.0013475
674.40	0.0012701
674.60	0.0012547
674.80	0.0012877
675.00	0.0014761
675.20	0.0012903
675.40	0.0013080
675.60	0.0012263
675.80	0.0013893
676.00	0.0010304
676.20	0.0012988
676.40	0.0011793
676.60	0.0011984
676.80	0.0010617
677.00	0.0012475
677.20	0.0011851
677.40	0.0012630
677.60	0.0011908
677.80	0.0010976
678.00	0.0011279
678.20	0.0011028
678.40	0.0010344
678.60	0.00091495
678.80	0.0012796
679.00	0.00099502
679.20	0.0011915
679.40	0.0011149
679.60	0.0011631
679.80	0.0011493
680.00	0.00093714
680.20	0.0011044
680.40	0.00096668
680.60	0.0010494
680.80	0.00094485
681.00	0.00092892
681.20	0.00097791
681.40	0.0011890
681.60	0.0011845
681.80	0.00097121
682.00	0.0010216
682.20	0.0010417
682.40	0.00096237
682.60	0.0011930
682.80	0.0011599
683.00	0.0011516
683.20	0.00096134
683.40	0.0011165
683.60	0.0010118
683.80	0.0010444
684.00	0.0011397
684.20	0.0011081
684.40	0.0011176
684.60	0.0012219
684.80	0.0012082
685.00	0.0011058
685.20	0.0011390
685.40	0.0011230
685.60	0.0011247
685.80	0.0010166
686.00	0.0011313
686.20	0.0011210
686.40	0.0010752
686.60	0.0011170
686.80	0.0011174
687.00	0.0011632
687.20	0.0011711
687.40	0.0011494
687.60	0.00095974
687.80	0.00097632
688.00	0.0010655
688.20	0.0011650
688.40	0.0010930
688.60	0.0011182
688.80	0.0010712
689.00	0.0010526
689.20	0.0011420
689.40	0.0011837
689.60	0.0012551
689.80	0.0011406
690.00	0.0013530
690.20	0.0014441
690.40	0.0012153
690.60	0.0013945
690.80	0.0014382
691.00	0.0012544
691.20	0.0012294
691.40	0.0013864
691.60	0.0011866
691.80	0.0014313
692.00	0.0012535
692.20	0.0012501
692.40	0.0011652
692.60	0.0016324
692.80	0.0015356
693.00	0.0012054
693.20	0.0013294
693.40	0.0014944
693.60	0.0014673
693.80	0.0014403
694.00	0.0013958
694.20	0.0012301
694.40	0.0012440
694.60	0.0013411
694.80	0.0012146
695.00	0.0016472
695.20	0.0012337
695.40	0.0012290
695.60	0.0010892
695.80	0.0010730
696.00	0.00081776
696.20	0.0011090
696.40	0.0011061
696.60	0.0011734
696.80	0.0012542
697.00	0.0014367
697.20	0.0013498
697.40	0.0013726
697.60	0.0012957
697.80	0.0013285
698.00	0.0011419
698.20	0.0012146
698.40	0.0011377
698.60	0.0012902
698.80	0.0011435
699.00	0.0011863
699.20	0.0013388
699.40	0.0015113
699.60	0.0011850
699.80	0.0014273
700.00	0.0016097
