Wavelength (nm)	L214 ZnC-P15 (SE252).abs

350.00	0.055534
350.20	0.055144
350.40	0.055244
350.60	0.055514
350.80	0.055264
351.00	0.055244
351.20	0.055524
351.40	0.055544
351.60	0.055264
351.80	0.055614
352.00	0.055624
352.20	0.055624
352.40	0.055834
352.60	0.056064
352.80	0.055924
353.00	0.055864
353.20	0.056294
353.40	0.056574
353.60	0.056454
353.80	0.056844
354.00	0.056854
354.20	0.056704
354.40	0.056614
354.60	0.056964
354.80	0.056894
355.00	0.056704
355.20	0.057074
355.40	0.057394
355.60	0.056934
355.80	0.057144
356.00	0.057364
356.20	0.057244
356.40	0.057444
356.60	0.057834
356.80	0.057594
357.00	0.057644
357.20	0.058014
357.40	0.058164
357.60	0.058124
357.80	0.058534
358.00	0.058584
358.20	0.058654
358.40	0.058944
358.60	0.059294
358.80	0.059124
359.00	0.059264
359.20	0.059404
359.40	0.059304
359.60	0.059374
359.80	0.059604
360.00	0.059904
360.20	0.059874
360.40	0.059994
360.60	0.060414
360.80	0.060424
361.00	0.060274
361.20	0.060764
361.40	0.060794
361.60	0.060964
361.80	0.061174
362.00	0.061534
362.20	0.061494
362.40	0.061764
362.60	0.062014
362.80	0.062124
363.00	0.062174
363.20	0.062624
363.40	0.062944
363.60	0.062854
363.80	0.063624
364.00	0.064024
364.20	0.063914
364.40	0.064204
364.60	0.064794
364.80	0.065163
365.00	0.065353
365.20	0.065763
365.40	0.066423
365.60	0.066483
365.80	0.066993
366.00	0.067533
366.20	0.067833
366.40	0.068463
366.60	0.069163
366.80	0.069673
367.00	0.070183
367.20	0.071013
367.40	0.071923
367.60	0.072173
367.80	0.073183
368.00	0.074133
368.20	0.074753
368.40	0.075652
368.60	0.076782
368.80	0.077512
369.00	0.078372
369.20	0.079422
369.40	0.080742
369.60	0.081602
369.80	0.082612
370.00	0.083932
370.20	0.085251
370.40	0.086811
370.60	0.087891
370.80	0.089371
371.00	0.090881
371.20	0.092401
371.40	0.093721
371.60	0.095570
371.80	0.097470
372.00	0.098800
372.20	0.10052
372.40	0.10247
372.60	0.10409
372.80	0.10578
373.00	0.10813
373.20	0.11007
373.40	0.11189
373.60	0.11413
373.80	0.11646
374.00	0.11843
374.20	0.12070
374.40	0.12324
374.60	0.12543
374.80	0.12784
375.00	0.13029
375.20	0.13281
375.40	0.13523
375.60	0.13779
375.80	0.14041
376.00	0.14270
376.20	0.14514
376.40	0.14787
376.60	0.15028
376.80	0.15270
377.00	0.15540
377.20	0.15795
377.40	0.16040
377.60	0.16293
377.80	0.16562
378.00	0.16789
378.20	0.17017
378.40	0.17273
378.60	0.17501
378.80	0.17714
379.00	0.17952
379.20	0.18166
379.40	0.18356
379.60	0.18583
379.80	0.18791
380.00	0.18955
380.20	0.19148
380.40	0.19346
380.60	0.19503
380.80	0.19630
381.00	0.19816
381.20	0.19962
381.40	0.20088
381.60	0.20214
381.80	0.20351
382.00	0.20430
382.20	0.20533
382.40	0.20643
382.60	0.20721
382.80	0.20780
383.00	0.20863
383.20	0.20915
383.40	0.20944
383.60	0.21013
383.80	0.21061
384.00	0.21097
384.20	0.21115
384.40	0.21175
384.60	0.21188
384.80	0.21204
385.00	0.21227
385.20	0.21259
385.40	0.21276
385.60	0.21296
385.80	0.21351
386.00	0.21376
386.20	0.21415
386.40	0.21494
386.60	0.21540
386.80	0.21598
387.00	0.21693
387.20	0.21794
387.40	0.21887
387.60	0.22012
387.80	0.22159
388.00	0.22310
388.20	0.22461
388.40	0.22685
388.60	0.22888
388.80	0.23105
389.00	0.23363
389.20	0.23646
389.40	0.23920
389.60	0.24255
389.80	0.24625
390.00	0.24993
390.20	0.25385
390.40	0.25834
390.60	0.26284
390.80	0.26773
391.00	0.27311
391.20	0.27874
391.40	0.28455
391.60	0.29077
391.80	0.29758
392.00	0.30443
392.20	0.31149
392.40	0.31913
392.60	0.32696
392.80	0.33493
393.00	0.34343
393.20	0.35239
393.40	0.36127
393.60	0.37080
393.80	0.38089
394.00	0.39099
394.20	0.40151
394.40	0.41240
394.60	0.42382
394.80	0.43546
395.00	0.44747
395.20	0.46005
395.40	0.47266
395.60	0.48591
395.80	0.49951
396.00	0.51339
396.20	0.52743
396.40	0.54223
396.60	0.55743
396.80	0.57253
397.00	0.58826
397.20	0.60423
397.40	0.62048
397.60	0.63676
397.80	0.65348
398.00	0.67056
398.20	0.68756
398.40	0.70470
398.60	0.72197
398.80	0.73937
399.00	0.75677
399.20	0.77441
399.40	0.79133
399.60	0.80811
399.80	0.82528
400.00	0.84214
400.20	0.85807
400.40	0.87416
400.60	0.88989
400.80	0.90456
401.00	0.91799
401.20	0.93119
401.40	0.94317
401.60	0.95507
401.80	0.96519
402.00	0.97441
402.20	0.98174
402.40	0.98848
402.60	0.99415
402.80	0.99759
403.00	0.99922
403.20	1.0000
403.40	0.99864
403.60	0.99607
403.80	0.99107
404.00	0.98491
404.20	0.97646
404.40	0.96732
404.60	0.95573
404.80	0.94258
405.00	0.92892
405.20	0.91348
405.40	0.89482
405.60	0.87611
405.80	0.85667
406.00	0.83537
406.20	0.81329
406.40	0.79096
406.60	0.76704
406.80	0.74229
407.00	0.71794
407.20	0.69294
407.40	0.66734
407.60	0.64192
407.80	0.61664
408.00	0.59126
408.20	0.56602
408.40	0.54123
408.60	0.51680
408.80	0.49243
409.00	0.46891
409.20	0.44593
409.40	0.42346
409.60	0.40141
409.80	0.38059
410.00	0.35999
410.20	0.34021
410.40	0.32131
410.60	0.30319
410.80	0.28524
411.00	0.26859
411.20	0.25289
411.40	0.23749
411.60	0.22282
411.80	0.20917
412.00	0.19613
412.20	0.18322
412.40	0.17175
412.60	0.16083
412.80	0.14994
413.00	0.14016
413.20	0.13092
413.40	0.12205
413.60	0.11378
413.80	0.10646
414.00	0.099210
414.20	0.092331
414.40	0.086291
414.60	0.080472
414.80	0.074733
415.00	0.069693
415.20	0.065253
415.40	0.060744
415.60	0.056444
415.80	0.052795
416.00	0.049305
416.20	0.045795
416.40	0.042896
416.60	0.040086
416.80	0.037406
417.00	0.034837
417.20	0.032877
417.40	0.030497
417.60	0.028627
417.80	0.026957
418.00	0.025317
418.20	0.023638
418.40	0.022338
418.60	0.021208
418.80	0.019708
419.00	0.018618
419.20	0.017958
419.40	0.016878
419.60	0.015838
419.80	0.015158
420.00	0.014529
420.20	0.013699
420.40	0.012979
420.60	0.012629
420.80	0.011889
421.00	0.011389
421.20	0.011049
421.40	0.010619
421.60	0.010059
421.80	0.0098690
422.00	0.0095690
422.20	0.0089491
422.40	0.0086991
422.60	0.0086191
422.80	0.0081892
423.00	0.0078192
423.20	0.0079292
423.40	0.0076392
423.60	0.0072193
423.80	0.0072893
424.00	0.0070593
424.20	0.0068393
424.40	0.0066593
424.60	0.0067893
424.80	0.0063594
425.00	0.0063094
425.20	0.0064294
425.40	0.0063294
425.60	0.0059294
425.80	0.0060194
426.00	0.0060994
426.20	0.0057594
426.40	0.0056594
426.60	0.0057794
426.80	0.0056694
427.00	0.0054795
427.20	0.0054895
427.40	0.0054695
427.60	0.0053295
427.80	0.0053995
428.00	0.0054295
428.20	0.0052495
428.40	0.0050795
428.60	0.0053395
428.80	0.0052495
429.00	0.0050295
429.20	0.0052295
429.40	0.0052595
429.60	0.0049195
429.80	0.0050695
430.00	0.0050895
430.20	0.0049395
430.40	0.0049295
430.60	0.0049895
430.80	0.0049295
431.00	0.0049795
431.20	0.0052595
431.40	0.0051895
431.60	0.0049295
431.80	0.0050195
432.00	0.0052095
432.20	0.0050195
432.40	0.0052795
432.60	0.0051695
432.80	0.0050695
433.00	0.0050595
433.20	0.0051295
433.40	0.0051295
433.60	0.0049795
433.80	0.0051295
434.00	0.0051195
434.20	0.0050695
434.40	0.0049295
434.60	0.0051395
434.80	0.0052795
435.00	0.0050195
435.20	0.0052995
435.40	0.0053895
435.60	0.0051795
435.80	0.0051395
436.00	0.0055294
436.20	0.0053495
436.40	0.0051995
436.60	0.0054295
436.80	0.0053295
437.00	0.0052495
437.20	0.0055194
437.40	0.0054995
437.60	0.0053195
437.80	0.0054395
438.00	0.0055294
438.20	0.0053695
438.40	0.0053695
438.60	0.0055794
438.80	0.0055394
439.00	0.0053595
439.20	0.0055394
439.40	0.0056194
439.60	0.0053095
439.80	0.0054595
440.00	0.0056694
440.20	0.0054495
440.40	0.0055194
440.60	0.0055894
440.80	0.0056594
441.00	0.0055794
441.20	0.0057294
441.40	0.0056294
441.60	0.0055594
441.80	0.0055194
442.00	0.0056494
442.20	0.0053495
442.40	0.0055194
442.60	0.0056194
442.80	0.0056494
443.00	0.0054495
443.20	0.0055594
443.40	0.0057594
443.60	0.0054895
443.80	0.0055394
444.00	0.0057994
444.20	0.0056594
444.40	0.0055194
444.60	0.0055894
444.80	0.0056794
445.00	0.0055194
445.20	0.0056194
445.40	0.0057594
445.60	0.0055194
445.80	0.0055894
446.00	0.0058094
446.20	0.0055994
446.40	0.0055594
446.60	0.0056294
446.80	0.0056694
447.00	0.0053795
447.20	0.0056394
447.40	0.0057294
447.60	0.0055094
447.80	0.0056794
448.00	0.0058294
448.20	0.0056794
448.40	0.0054595
448.60	0.0058294
448.80	0.0058794
449.00	0.0055994
449.20	0.0056994
449.40	0.0058094
449.60	0.0056194
449.80	0.0058094
450.00	0.0058394
450.20	0.0057294
450.40	0.0056694
450.60	0.0057594
450.80	0.0058694
451.00	0.0057294
451.20	0.0057694
451.40	0.0058994
451.60	0.0058494
451.80	0.0057394
452.00	0.0059794
452.20	0.0057494
452.40	0.0058494
452.60	0.0059794
452.80	0.0059594
453.00	0.0058394
453.20	0.0057894
453.40	0.0060594
453.60	0.0058794
453.80	0.0058994
454.00	0.0060294
454.20	0.0058994
454.40	0.0058994
454.60	0.0059994
454.80	0.0061294
455.00	0.0057794
455.20	0.0059794
455.40	0.0061094
455.60	0.0060294
455.80	0.0058694
456.00	0.0061794
456.20	0.0060494
456.40	0.0058494
456.60	0.0061594
456.80	0.0063594
457.00	0.0060294
457.20	0.0061694
457.40	0.0063094
457.60	0.0061994
457.80	0.0061494
458.00	0.0062794
458.20	0.0063694
458.40	0.0062194
458.60	0.0064394
458.80	0.0065293
459.00	0.0063394
459.20	0.0065193
459.40	0.0064993
459.60	0.0065893
459.80	0.0064494
460.00	0.0066093
460.20	0.0067893
460.40	0.0065293
460.60	0.0066493
460.80	0.0068793
461.00	0.0065793
461.20	0.0066793
461.40	0.0068893
461.60	0.0068393
461.80	0.0067893
462.00	0.0069793
462.20	0.0069893
462.40	0.0067793
462.60	0.0071693
462.80	0.0071693
463.00	0.0069393
463.20	0.0069493
463.40	0.0073193
463.60	0.0071693
463.80	0.0071393
464.00	0.0073193
464.20	0.0073193
464.40	0.0070893
464.60	0.0073393
464.80	0.0074693
465.00	0.0073593
465.20	0.0073393
465.40	0.0075392
465.60	0.0073893
465.80	0.0073793
466.00	0.0075592
466.20	0.0075892
466.40	0.0073993
466.60	0.0075692
466.80	0.0075892
467.00	0.0075592
467.20	0.0075592
467.40	0.0077092
467.60	0.0075792
467.80	0.0074393
468.00	0.0076192
468.20	0.0076692
468.40	0.0074693
468.60	0.0075192
468.80	0.0077092
469.00	0.0075292
469.20	0.0075092
469.40	0.0076892
469.60	0.0075892
469.80	0.0074393
470.00	0.0076392
470.20	0.0077392
470.40	0.0073293
470.60	0.0074693
470.80	0.0077692
471.00	0.0073993
471.20	0.0074993
471.40	0.0076592
471.60	0.0074693
471.80	0.0073093
472.00	0.0075492
472.20	0.0074393
472.40	0.0072593
472.60	0.0073793
472.80	0.0075292
473.00	0.0072593
473.20	0.0073093
473.40	0.0074693
473.60	0.0073993
473.80	0.0072193
474.00	0.0074093
474.20	0.0073193
474.40	0.0071493
474.60	0.0072793
474.80	0.0073993
475.00	0.0071793
475.20	0.0071593
475.40	0.0073093
475.60	0.0071193
475.80	0.0070993
476.00	0.0071393
476.20	0.0071493
476.40	0.0070693
476.60	0.0071393
476.80	0.0072093
477.00	0.0070493
477.20	0.0069793
477.40	0.0073093
477.60	0.0072393
477.80	0.0069893
478.00	0.0071093
478.20	0.0073193
478.40	0.0071093
478.60	0.0070993
478.80	0.0072993
479.00	0.0071793
479.20	0.0070593
479.40	0.0072593
479.60	0.0071593
479.80	0.0071693
480.00	0.0073093
480.20	0.0073393
480.40	0.0072293
480.60	0.0072893
480.80	0.0075092
481.00	0.0074093
481.20	0.0073793
481.40	0.0075092
481.60	0.0076092
481.80	0.0074393
482.00	0.0076692
482.20	0.0077592
482.40	0.0076492
482.60	0.0077792
482.80	0.0079492
483.00	0.0079592
483.20	0.0079092
483.40	0.0081492
483.60	0.0082192
483.80	0.0080592
484.00	0.0083292
484.20	0.0085391
484.40	0.0083892
484.60	0.0085291
484.80	0.0086691
485.00	0.0087091
485.20	0.0086691
485.40	0.0090291
485.60	0.0090191
485.80	0.0090691
486.00	0.0092991
486.20	0.0095490
486.40	0.0093791
486.60	0.0095290
486.80	0.0099490
487.00	0.0099990
487.20	0.0097790
487.40	0.010089
487.60	0.010329
487.80	0.010159
488.00	0.010489
488.20	0.010829
488.40	0.010719
488.60	0.010879
488.80	0.011109
489.00	0.011089
489.20	0.011209
489.40	0.011559
489.60	0.011779
489.80	0.011709
490.00	0.011999
490.20	0.012329
490.40	0.012359
490.60	0.012499
490.80	0.012769
491.00	0.012829
491.20	0.012919
491.40	0.013169
491.60	0.013409
491.80	0.013429
492.00	0.013699
492.20	0.014109
492.40	0.014069
492.60	0.014319
492.80	0.014629
493.00	0.014859
493.20	0.014879
493.40	0.015208
493.60	0.015588
493.80	0.015578
494.00	0.015848
494.20	0.016248
494.40	0.016438
494.60	0.016648
494.80	0.016928
495.00	0.017198
495.20	0.017268
495.40	0.017808
495.60	0.018188
495.80	0.018098
496.00	0.018328
496.20	0.018938
496.40	0.018908
496.60	0.019138
496.80	0.019658
497.00	0.019728
497.20	0.019808
497.40	0.020238
497.60	0.020518
497.80	0.020478
498.00	0.020798
498.20	0.021178
498.40	0.020978
498.60	0.021188
498.80	0.021578
499.00	0.021688
499.20	0.021698
499.40	0.022028
499.60	0.022258
499.80	0.022128
500.00	0.022268
500.20	0.022538
500.40	0.022398
500.60	0.022288
500.80	0.022568
501.00	0.022558
501.20	0.022478
501.40	0.022618
501.60	0.022688
501.80	0.022608
502.00	0.022508
502.20	0.022528
502.40	0.022478
502.60	0.022238
502.80	0.022188
503.00	0.022118
503.20	0.021858
503.40	0.021958
503.60	0.021978
503.80	0.021628
504.00	0.021548
504.20	0.021688
504.40	0.021358
504.60	0.021118
504.80	0.021178
505.00	0.021028
505.20	0.020718
505.40	0.020618
505.60	0.020758
505.80	0.020328
506.00	0.020288
506.20	0.020218
506.40	0.019908
506.60	0.019788
506.80	0.019878
507.00	0.019668
507.20	0.019338
507.40	0.019318
507.60	0.019268
507.80	0.019088
508.00	0.018818
508.20	0.018818
508.40	0.018498
508.60	0.018328
508.80	0.018368
509.00	0.018288
509.20	0.017808
509.40	0.017758
509.60	0.017728
509.80	0.017448
510.00	0.017348
510.20	0.017208
510.40	0.017018
510.60	0.016618
510.80	0.016848
511.00	0.016588
511.20	0.016218
511.40	0.016208
511.60	0.016168
511.80	0.015858
512.00	0.015618
512.20	0.015708
512.40	0.015498
512.60	0.015238
512.80	0.015388
513.00	0.015218
513.20	0.014959
513.40	0.014799
513.60	0.014939
513.80	0.014509
514.00	0.014409
514.20	0.014569
514.40	0.014309
514.60	0.014039
514.80	0.014029
515.00	0.013979
515.20	0.013689
515.40	0.013789
515.60	0.013759
515.80	0.013669
516.00	0.013399
516.20	0.013519
516.40	0.013479
516.60	0.013249
516.80	0.013209
517.00	0.013349
517.20	0.013019
517.40	0.013089
517.60	0.013019
517.80	0.012889
518.00	0.012749
518.20	0.012819
518.40	0.012759
518.60	0.012509
518.80	0.012589
519.00	0.012719
519.20	0.012339
519.40	0.012419
519.60	0.012479
519.80	0.012249
520.00	0.012109
520.20	0.012319
520.40	0.012219
520.60	0.011959
520.80	0.011959
521.00	0.012189
521.20	0.011809
521.40	0.011809
521.60	0.012039
521.80	0.011899
522.00	0.011819
522.20	0.011949
522.40	0.012039
522.60	0.011799
522.80	0.011779
523.00	0.011909
523.20	0.011599
523.40	0.011709
523.60	0.011789
523.80	0.011779
524.00	0.011699
524.20	0.011839
524.40	0.011849
524.60	0.011579
524.80	0.011729
525.00	0.011749
525.20	0.011779
525.40	0.011679
525.60	0.011739
525.80	0.011689
526.00	0.011629
526.20	0.011659
526.40	0.011869
526.60	0.011609
526.80	0.011499
527.00	0.011789
527.20	0.011569
527.40	0.011549
527.60	0.011609
527.80	0.011599
528.00	0.011349
528.20	0.011639
528.40	0.011569
528.60	0.011289
528.80	0.011329
529.00	0.011519
529.20	0.011439
529.40	0.011199
529.60	0.011429
529.80	0.011299
530.00	0.011139
530.20	0.011279
530.40	0.011319
530.60	0.011049
530.80	0.011139
531.00	0.011289
531.20	0.011059
531.40	0.010959
531.60	0.011099
531.80	0.011019
532.00	0.010699
532.20	0.010899
532.40	0.010839
532.60	0.010599
532.80	0.010789
533.00	0.010809
533.20	0.010689
533.40	0.010489
533.60	0.010629
533.80	0.010569
534.00	0.010409
534.20	0.010499
534.40	0.010389
534.60	0.010299
534.80	0.010289
535.00	0.010269
535.20	0.010169
535.40	0.010019
535.60	0.010109
535.80	0.010029
536.00	0.0098390
536.20	0.0098990
536.40	0.0099490
536.60	0.0096990
536.80	0.0097490
537.00	0.0098090
537.20	0.0098190
537.40	0.0095990
537.60	0.0097290
537.80	0.0096290
538.00	0.0094291
538.20	0.0095790
538.40	0.0095490
538.60	0.0093291
538.80	0.0093491
539.00	0.0095290
539.20	0.0092991
539.40	0.0091591
539.60	0.0093191
539.80	0.0092491
540.00	0.0090791
540.20	0.0092391
540.40	0.0092191
540.60	0.0090091
540.80	0.0089791
541.00	0.0090291
541.20	0.0088991
541.40	0.0089391
541.60	0.0090591
541.80	0.0090091
542.00	0.0087391
542.20	0.0088391
542.40	0.0089691
542.60	0.0087291
542.80	0.0087791
543.00	0.0088991
543.20	0.0087991
543.40	0.0085791
543.60	0.0086591
543.80	0.0088091
544.00	0.0085691
544.20	0.0086391
544.40	0.0087291
544.60	0.0085091
544.80	0.0085791
545.00	0.0088291
545.20	0.0086291
545.40	0.0084292
545.60	0.0086591
545.80	0.0086891
546.00	0.0085891
546.20	0.0086691
546.40	0.0087791
546.60	0.0086791
546.80	0.0087491
547.00	0.0089491
547.20	0.0089491
547.40	0.0089491
547.60	0.0092191
547.80	0.0093391
548.00	0.0091691
548.20	0.0094191
548.40	0.0096790
548.60	0.0096490
548.80	0.0097190
549.00	0.010169
549.20	0.010119
549.40	0.010349
549.60	0.010649
549.80	0.010869
550.00	0.010889
550.20	0.011259
550.40	0.011509
550.60	0.011789
550.80	0.012029
551.00	0.012439
551.20	0.012799
551.40	0.012979
551.60	0.013399
551.80	0.013869
552.00	0.014059
552.20	0.014479
552.40	0.015048
552.60	0.015098
552.80	0.015568
553.00	0.016268
553.20	0.016598
553.40	0.016828
553.60	0.017388
553.80	0.017878
554.00	0.017998
554.20	0.018448
554.40	0.019078
554.60	0.019378
554.80	0.019718
555.00	0.020308
555.20	0.020628
555.40	0.020848
555.60	0.021378
555.80	0.021988
556.00	0.022088
556.20	0.022418
556.40	0.022938
556.60	0.023168
556.80	0.023418
557.00	0.023958
557.20	0.024038
557.40	0.024318
557.60	0.024858
557.80	0.025067
558.00	0.025187
558.20	0.025577
558.40	0.025977
558.60	0.026227
558.80	0.026377
559.00	0.026717
559.20	0.027037
559.40	0.027097
559.60	0.027497
559.80	0.027927
560.00	0.027927
560.20	0.028177
560.40	0.028617
560.60	0.028547
560.80	0.028657
561.00	0.028947
561.20	0.029147
561.40	0.029127
561.60	0.029347
561.80	0.029527
562.00	0.029667
562.20	0.029707
562.40	0.029927
562.60	0.029987
562.80	0.029987
563.00	0.030097
563.20	0.030127
563.40	0.029967
563.60	0.030157
563.80	0.030247
564.00	0.030177
564.20	0.030157
564.40	0.030247
564.60	0.030187
564.80	0.030077
565.00	0.030187
565.20	0.030097
565.40	0.030017
565.60	0.029947
565.80	0.030077
566.00	0.029837
566.20	0.029757
566.40	0.029757
566.60	0.029717
566.80	0.029587
567.00	0.029497
567.20	0.029677
567.40	0.029617
567.60	0.029417
567.80	0.029587
568.00	0.029457
568.20	0.029427
568.40	0.029537
568.60	0.029527
568.80	0.029327
569.00	0.029427
569.20	0.029467
569.40	0.029287
569.60	0.029247
569.80	0.029427
570.00	0.029307
570.20	0.029287
570.40	0.029417
570.60	0.029047
570.80	0.029007
571.00	0.028877
571.20	0.028877
571.40	0.028477
571.60	0.028487
571.80	0.028447
572.00	0.028197
572.20	0.027987
572.40	0.027887
572.60	0.027677
572.80	0.027357
573.00	0.027267
573.20	0.027117
573.40	0.026767
573.60	0.026587
573.80	0.026457
574.00	0.026137
574.20	0.025887
574.40	0.025907
574.60	0.025657
574.80	0.025387
575.00	0.025297
575.20	0.025197
575.40	0.024748
575.60	0.024748
575.80	0.024758
576.00	0.024458
576.20	0.024308
576.40	0.024438
576.60	0.024168
576.80	0.023948
577.00	0.024128
577.20	0.023958
577.40	0.023658
577.60	0.023758
577.80	0.023698
578.00	0.023538
578.20	0.023398
578.40	0.023568
578.60	0.023458
578.80	0.023288
579.00	0.023308
579.20	0.023288
579.40	0.023038
579.60	0.022938
579.80	0.022948
580.00	0.022628
580.20	0.022478
580.40	0.022478
580.60	0.022378
580.80	0.022008
581.00	0.021918
581.20	0.021838
581.40	0.021458
581.60	0.021278
581.80	0.021308
582.00	0.020998
582.20	0.020628
582.40	0.020538
582.60	0.020288
582.80	0.019928
583.00	0.019748
583.20	0.019578
583.40	0.019278
583.60	0.018978
583.80	0.019008
584.00	0.018528
584.20	0.018338
584.40	0.018458
584.60	0.018038
584.80	0.017778
585.00	0.017808
585.20	0.017638
585.40	0.017358
585.60	0.017248
585.80	0.017328
586.00	0.017128
586.20	0.017038
586.40	0.017178
586.60	0.017198
586.80	0.017028
587.00	0.017208
587.20	0.017258
587.40	0.017528
587.60	0.017498
587.80	0.017788
588.00	0.017878
588.20	0.018158
588.40	0.018488
588.60	0.018828
588.80	0.018838
589.00	0.019318
589.20	0.019848
589.40	0.020028
589.60	0.020478
589.80	0.021188
590.00	0.021578
590.20	0.021708
590.40	0.022438
590.60	0.023038
590.80	0.023338
591.00	0.023978
591.20	0.024678
591.40	0.025167
591.60	0.025817
591.80	0.026617
592.00	0.026987
592.20	0.027547
592.40	0.028437
592.60	0.029157
592.80	0.029647
593.00	0.030547
593.20	0.031367
593.40	0.032017
593.60	0.032737
593.80	0.033777
594.00	0.034607
594.20	0.035396
594.40	0.036356
594.60	0.037526
594.80	0.038406
595.00	0.039556
595.20	0.040786
595.40	0.041866
595.60	0.043166
595.80	0.044606
596.00	0.045975
596.20	0.047455
596.40	0.049265
596.60	0.051015
596.80	0.052745
597.00	0.054915
597.20	0.057064
597.40	0.059324
597.60	0.061604
597.80	0.064324
598.00	0.067193
598.20	0.070023
598.40	0.073353
598.60	0.076752
598.80	0.080162
599.00	0.084032
599.20	0.088291
599.40	0.092371
599.60	0.096870
599.80	0.10171
600.00	0.10671
600.20	0.11162
600.40	0.11744
600.60	0.12312
600.80	0.12891
601.00	0.13494
601.20	0.14132
601.40	0.14757
601.60	0.15405
601.80	0.16105
602.00	0.16787
602.20	0.17462
602.40	0.18182
602.60	0.18879
602.80	0.19553
603.00	0.20262
603.20	0.20934
603.40	0.21612
603.60	0.22257
603.80	0.22920
604.00	0.23528
604.20	0.24106
604.40	0.24667
604.60	0.25198
604.80	0.25673
605.00	0.26095
605.20	0.26515
605.40	0.26861
605.60	0.27137
605.80	0.27410
606.00	0.27611
606.20	0.27734
606.40	0.27813
606.60	0.27856
606.80	0.27801
607.00	0.27701
607.20	0.27577
607.40	0.27371
607.60	0.27094
607.80	0.26806
608.00	0.26468
608.20	0.26055
608.40	0.25632
608.60	0.25165
608.80	0.24641
609.00	0.24098
609.20	0.23548
609.40	0.22933
609.60	0.22301
609.80	0.21685
610.00	0.21032
610.20	0.20350
610.40	0.19679
610.60	0.19015
610.80	0.18321
611.00	0.17646
611.20	0.16973
611.40	0.16294
611.60	0.15599
611.80	0.14952
612.00	0.14302
612.20	0.13656
612.40	0.13043
612.60	0.12455
612.80	0.11848
613.00	0.11286
613.20	0.10719
613.40	0.10196
613.60	0.096700
613.80	0.091911
614.00	0.087011
614.20	0.082312
614.40	0.077872
614.60	0.073863
614.80	0.069633
615.00	0.065743
615.20	0.062234
615.40	0.058734
615.60	0.055344
615.80	0.052525
616.00	0.049645
616.20	0.046625
616.40	0.043896
616.60	0.041646
616.80	0.039086
617.00	0.036846
617.20	0.035007
617.40	0.033007
617.60	0.030877
617.80	0.029307
618.00	0.027637
618.20	0.025937
618.40	0.024638
618.60	0.023288
618.80	0.021878
619.00	0.020578
619.20	0.019648
619.40	0.018448
619.60	0.017438
619.80	0.016598
620.00	0.015628
620.20	0.014699
620.40	0.014019
620.60	0.013319
620.80	0.012409
621.00	0.011739
621.20	0.011349
621.40	0.010639
621.60	0.0099890
621.80	0.0095590
622.00	0.0092691
622.20	0.0085791
622.40	0.0081592
622.60	0.0078392
622.80	0.0075792
623.00	0.0070593
623.20	0.0067193
623.40	0.0064294
623.60	0.0059594
623.80	0.0058994
624.00	0.0054795
624.20	0.0050895
624.40	0.0048995
624.60	0.0049495
624.80	0.0044896
625.00	0.0042096
625.20	0.0041896
625.40	0.0039296
625.60	0.0035496
625.80	0.0035096
626.00	0.0034397
626.20	0.0031697
626.40	0.0030497
626.60	0.0030597
626.80	0.0027897
627.00	0.0027497
627.20	0.0026397
627.40	0.0024098
627.60	0.0022798
627.80	0.0022898
628.00	0.0022498
628.20	0.0020798
628.40	0.0019598
628.60	0.0019598
628.80	0.0018498
629.00	0.0016598
629.20	0.0018998
629.40	0.0017398
629.60	0.0014699
629.80	0.0016598
630.00	0.0015698
630.20	0.0014199
630.40	0.0013999
630.60	0.0014699
630.80	0.0013299
631.00	0.0011899
631.20	0.0011999
631.40	0.0012999
631.60	0.0011799
631.80	0.0011799
632.00	0.0012999
632.20	0.0010873
632.40	0.00093704
632.60	0.0012399
632.80	0.0011599
633.00	0.00096311
633.20	0.0010898
633.40	0.0011899
633.60	0.0010663
633.80	0.0010321
634.00	0.0011899
634.20	0.00096066
634.40	0.00083761
634.60	0.00098276
634.80	0.00099920
635.00	0.00089526
635.20	0.0010646
635.40	0.00088882
635.60	0.00087050
635.80	0.00083445
636.00	0.0010762
636.20	0.00082897
636.40	0.00075150
636.60	0.00090542
636.80	0.00066910
637.00	0.00067922
637.20	0.00088051
637.40	0.00091642
637.60	0.00093130
637.80	0.00073604
638.00	0.00080297
638.20	0.00070558
638.40	0.00063967
638.60	0.00089211
638.80	0.00080352
639.00	0.00064079
639.20	0.00072139
639.40	0.00077205
639.60	0.00056168
639.80	0.00057158
640.00	0.00066143
640.20	0.00053006
640.40	0.00049921
640.60	0.00068287
640.80	0.00071435
641.00	0.00059244
641.20	0.00061959
641.40	0.00061764
641.60	0.00044368
641.80	0.00053120
642.00	0.00069288
642.20	0.00049809
642.40	0.00047480
642.60	0.00060581
642.80	0.00061839
643.00	0.00036038
643.20	0.00050062
643.40	0.00060368
643.60	0.00042220
643.80	0.00041371
644.00	0.00048534
644.20	0.00033934
644.40	0.00052370
644.60	0.00052562
644.80	0.00042526
645.00	0.00041627
645.20	0.00053966
645.40	0.00054657
645.60	0.00030567
645.80	0.00043360
646.00	0.00051956
646.20	0.00036908
646.40	0.00038947
646.60	0.00034559
646.80	0.00047192
647.00	0.00030235
647.20	0.00036821
647.40	0.00045752
647.60	0.00035569
647.80	0.00034630
648.00	0.00050705
648.20	0.00032859
648.40	0.00019049
648.60	0.00039364
648.80	0.00035159
649.00	0.00015963
649.20	0.00030641
649.40	0.00039661
649.60	0.00034629
649.80	0.00037592
650.00	0.00046422
650.20	0.00027064
650.40	0.00021393
650.60	0.00037586
650.80	0.00035928
651.00	0.00026734
651.20	0.00025471
651.40	0.00044194
651.60	0.00023440
651.80	0.00021754
652.00	0.00033321
652.20	0.00019481
652.40	0.00012504
652.60	0.00034948
652.80	0.00023385
653.00	0.00023981
653.20	0.00030302
653.40	0.00036587
653.60	0.00020680
653.80	0.00023917
654.00	0.00041441
654.20	0.00031461
654.40	7.3914e-05
654.60	0.00030321
654.80	0.00034132
655.00	0.00013922
655.20	0.00015894
655.40	0.00029869
655.60	0.00022594
655.80	0.00016479
656.00	0.00048520
656.20	0.00027213
656.40	8.7873e-05
656.60	0.00022270
656.80	0.00031098
657.00	0.00015716
657.20	0.00028051
657.40	0.00038927
657.60	0.00026098
657.80	0.00015341
658.00	0.00038824
658.20	0.00036362
658.40	0.00023837
658.60	0.00020220
658.80	0.00040171
659.00	7.0377e-05
659.20	0.00025219
659.40	0.00046584
659.60	0.00027067
659.80	7.5353e-05
660.00	0.00038135
660.20	0.00035653
660.40	5.5998e-05
660.60	0.00022207
660.80	0.00025987
661.00	7.0688e-05
661.20	0.00014570
661.40	0.00031429
661.60	0.00014079
661.80	0.00013750
662.00	0.00033137
662.20	0.00024670
662.40	0.00013641
662.60	0.00029588
662.80	0.00024599
663.00	2.3694e-05
663.20	1.0471e-05
663.40	0.00024954
663.60	0.00014443
663.80	0.00011196
664.00	0.00017784
664.20	0.00028869
664.40	0.00010784
664.60	0.00017148
664.80	0.00024301
665.00	0.00017984
665.20	0.00021754
665.40	0.00026338
665.60	0.00022781
665.80	0.00012237
666.00	0.00039108
666.20	0.00026765
666.40	0.00014016
666.60	0.00023845
666.80	0.00026878
667.00	0.00018425
667.20	8.5279e-05
667.40	0.00024810
667.60	7.2772e-05
667.80	0.00016081
668.00	0.00025325
668.20	0.00032563
668.40	9.3258e-05
668.60	0.00027221
668.80	0.00035036
669.00	0.00018587
669.20	0.00019733
669.40	0.00025783
669.60	0.00025686
669.80	2.3297e-05
670.00	0.00021753
670.20	0.00031919
670.40	0.00012740
670.60	0.00018768
670.80	0.00026088
671.00	0.00023407
671.20	0.00018372
671.40	0.00036875
671.60	0.00027180
671.80	8.7748e-05
672.00	0.00026576
672.20	0.00029071
672.40	0.00022283
672.60	0.00017130
672.80	0.00030825
673.00	0.00013658
673.20	0.00018552
673.40	0.00030037
673.60	0.00020805
673.80	7.1904e-05
674.00	0.00019048
674.20	0.00027920
674.40	5.2239e-05
674.60	5.8516e-05
674.80	0.00021127
675.00	0.00015124
675.20	0.00010972
675.40	0.00026637
675.60	0.00017945
675.80	0.00015257
676.00	0.00029757
676.20	0.00021079
676.40	9.9524e-05
676.60	0.00014335
676.80	0.00023181
677.00	0.00015491
677.20	0.00014325
677.40	0.00031554
677.60	0.00023304
677.80	6.2797e-05
678.00	0.00027984
678.20	0.00032750
678.40	0.00013517
678.60	0.00019764
678.80	0.00034482
679.00	0.00019844
679.20	0.00019764
679.40	0.00028241
679.60	0.00024148
679.80	0.00011798
680.00	0.00026868
680.20	0.00034538
680.40	0.00021481
680.60	0.00019723
680.80	0.00035459
681.00	0.00032436
681.20	0.00021104
681.40	0.00031969
681.60	0.00028697
681.80	0.00012779
682.00	0.00017192
682.20	0.00022204
682.40	0.00010425
682.60	0.00023454
682.80	0.00039088
683.00	0.00025207
683.20	7.4187e-05
683.40	0.00033605
683.60	0.00035414
683.80	0.00013873
684.00	0.00027116
684.20	0.00039575
684.40	0.00012341
684.60	0.00030189
684.80	0.00029072
685.00	0.00015109
685.20	0.00015655
685.40	0.00027822
685.60	0.00028736
685.80	0.00011615
686.00	0.00028741
686.20	0.00024113
686.40	0.00015265
686.60	0.00016046
686.80	0.00029425
687.00	0.00024327
687.20	0.00021921
687.40	0.00020358
687.60	0.00029956
687.80	6.6137e-06
688.00	0.00015927
688.20	0.00031215
688.40	0.00014120
688.60	0.00022566
688.80	0.00037530
689.00	0.00029168
689.20	0.00019167
689.40	0.00027435
689.60	0.00036068
689.80	0.00016405
690.00	0.00024184
690.20	0.00032652
690.40	0.00024287
690.60	0.00012020
690.80	0.00030486
691.00	0.00022361
691.20	0.00022753
691.40	0.00036524
691.60	0.00031504
691.80	0.00020396
692.00	0.00030265
692.20	0.00055050
692.40	0.00020354
692.60	0.00024236
692.80	0.00041949
693.00	0.00027782
693.20	0.00012419
693.40	0.00033987
693.60	0.00034031
693.80	0.00014198
694.00	0.00027312
694.20	0.00040895
694.40	0.00026900
694.60	0.00019450
694.80	0.00042380
695.00	0.00020791
695.20	0.00015972
695.40	0.00021389
695.60	0.00031444
695.80	0.00025266
696.00	0.00013313
696.20	0.00040510
696.40	0.00027026
696.60	0.00010896
696.80	0.00029399
697.00	0.00044885
697.20	0.00029102
697.40	0.00043905
697.60	0.00050978
697.80	0.00030641
698.00	0.00013956
698.20	0.00048073
698.40	0.00036468
698.60	0.00030478
698.80	0.00057934
699.00	0.00037611
699.20	0.00018873
699.40	0.00041023
699.60	0.00047411
699.80	0.00029589
700.00	0.00039850
