Wavelength (nm)	Q12 abs e
350.00	5073.5
350.25	4755.2
350.50	4291.3
350.75	6081.5
351.00	7275.2
351.25	5200.2
351.50	4787.1
351.75	8537.2
352.00	4361.9
352.25	5806.2
352.50	6124.5
352.75	8578.3
353.00	4018.5
353.25	7327.0
353.50	7728.9
353.75	8105.2
354.00	6965.2
354.25	7409.2
354.50	7334.7
354.75	5096.2
355.00	7206.1
355.25	6234.8
355.50	6941.0
355.75	7040.6
356.00	5426.1
356.25	5283.4
356.50	3875.3
356.75	5740.5
357.00	4684.1
357.25	6325.3
357.50	4988.8
357.75	5874.4
358.00	4317.4
358.25	6228.5
358.50	6197.1
358.75	7392.8
359.00	4646.8
359.25	5593.4
359.50	3492.3
359.75	4743.6
360.00	7238.5
360.25	6289.5
360.50	5691.1
360.75	5988.1
361.00	5733.2
361.25	5401.9
361.50	6086.3
361.75	4719.4
362.00	5771.9
362.25	3051.6
362.50	4829.2
362.75	5687.7
363.00	4585.9
363.25	4082.9
363.50	3511.6
363.75	6172.4
364.00	4621.2
364.25	4734.9
364.50	6594.7
364.75	6046.6
365.00	7524.3
365.25	4193.6
365.50	3695.9
365.75	4883.4
366.00	5619.1
366.25	2555.3
366.50	5329.8
366.75	6386.7
367.00	4977.2
367.25	6914.4
367.50	4486.3
367.75	5411.1
368.00	5522.8
368.25	4358.1
368.50	5451.2
368.75	4919.2
369.00	6398.3
369.25	4471.3
369.50	4112.8
369.75	4972.8
370.00	5036.2
370.25	5826.1
370.50	2994.1
370.75	4893.0
371.00	5186.6
371.25	5492.8
371.50	6857.3
371.75	5485.1
372.00	5615.7
372.25	3931.5
372.50	7132.1
372.75	5705.6
373.00	5774.3
373.25	7096.7
373.50	5217.1
373.75	5952.8
374.00	5342.9
374.25	3374.7
374.50	5500.1
374.75	4451.4
375.00	4008.4
375.25	5642.3
375.50	5038.6
375.75	2929.2
376.00	6562.7
376.25	4553.0
376.50	4705.4
376.75	6141.0
377.00	4072.2
377.25	5333.2
377.50	6877.1
377.75	4654.1
378.00	3674.1
378.25	5001.9
378.50	4901.7
378.75	3957.6
379.00	3340.4
379.25	4765.3
379.50	6686.1
379.75	4263.8
380.00	3574.0
380.25	5416.4
380.50	3316.7
380.75	5229.2
381.00	4861.6
381.25	4951.1
381.50	3231.1
381.75	5214.7
382.00	4974.8
382.25	5080.7
382.50	4781.3
382.75	5067.6
383.00	5150.4
383.25	4823.9
383.50	4606.2
383.75	5028.5
384.00	4209.6
384.25	4593.6
384.50	5651.5
384.75	5582.8
385.00	5532.5
385.25	6607.7
385.50	6760.1
385.75	5144.1
386.00	4449.0
386.25	6686.1
386.50	5945.6
386.75	6252.2
387.00	5636.0
387.25	5327.9
387.50	8438.5
387.75	6723.8
388.00	5824.6
388.25	6132.7
388.50	5609.9
388.75	5064.7
389.00	6377.0
389.25	6489.2
389.50	7870.6
389.75	6979.7
390.00	7688.8
390.25	6635.8
390.50	6264.8
390.75	6034.1
391.00	6721.9
391.25	6943.9
391.50	5631.6
391.75	6156.0
392.00	6265.3
392.25	5102.5
392.50	7661.2
392.75	7125.3
393.00	8266.3
393.25	6842.8
393.50	6581.1
393.75	6263.8
394.00	7153.3
394.25	7980.0
394.50	6665.3
394.75	7825.2
395.00	7239.4
395.25	10552
395.50	8676.0
395.75	8216.0
396.00	9524.4
396.25	9381.7
396.50	10131
396.75	10228
397.00	11235
397.25	12534
397.50	12495
397.75	13017
398.00	14687
398.25	14055
398.50	13196
398.75	14886
399.00	16969
399.25	17674
399.50	16876
399.75	17724
400.00	17875
400.25	19170
400.50	19442
400.75	22858
401.00	23982
401.25	24198
401.50	23386
401.75	26529
402.00	26259
402.25	27631
402.50	28880
402.75	29065
403.00	27955
403.25	29399
403.50	30304
403.75	31548
404.00	32312
404.25	32393
404.50	32317
404.75	31965
405.00	31435
405.25	31496
405.50	30505
405.75	32122
406.00	30805
406.25	30753
406.50	29428
406.75	29739
407.00	28980
407.25	29089
407.50	28946
407.75	29578
408.00	27492
408.25	28815
408.50	27869
408.75	26819
409.00	25637
409.25	26878
409.50	25015
409.75	25162
410.00	26408
410.25	25199
410.50	25542
410.75	23546
411.00	23847
411.25	24509
411.50	22676
411.75	25034
412.00	22216
412.25	23465
412.50	24067
412.75	23612
413.00	25282
413.25	26129
413.50	26552
413.75	26235
414.00	27852
414.25	27838
414.50	27355
414.75	29689
415.00	30408
415.25	32285
415.50	31603
415.75	34306
416.00	38100
416.25	40533
416.50	42916
416.75	46354
417.00	50900
417.25	52471
417.50	56652
417.75	61050
418.00	66200
418.25	70254
418.50	76745
418.75	82543
419.00	86841
419.25	90656
419.50	98210
419.75	1.0188e+05
420.00	1.0740e+05
420.25	1.1304e+05
420.50	1.1924e+05
420.75	1.2544e+05
421.00	1.3271e+05
421.25	1.4068e+05
421.50	1.4719e+05
421.75	1.5808e+05
422.00	1.6765e+05
422.25	1.7934e+05
422.50	1.9314e+05
422.75	2.0807e+05
423.00	2.2490e+05
423.25	2.4231e+05
423.50	2.6048e+05
423.75	2.8079e+05
424.00	3.0082e+05
424.25	3.2319e+05
424.50	3.4343e+05
424.75	3.6204e+05
425.00	3.8197e+05
425.25	3.9897e+05
425.50	4.1280e+05
425.75	4.2752e+05
426.00	4.3652e+05
426.25	4.4250e+05
426.50	4.4670e+05
426.75	4.4633e+05
427.00	4.4401e+05
427.25	4.3868e+05
427.50	4.2942e+05
427.75	4.1848e+05
428.00	4.0505e+05
428.25	3.9014e+05
428.50	3.7198e+05
428.75	3.5359e+05
429.00	3.3258e+05
429.25	3.1251e+05
429.50	2.9525e+05
429.75	2.7400e+05
430.00	2.5361e+05
430.25	2.3438e+05
430.50	2.1431e+05
430.75	1.9921e+05
431.00	1.8208e+05
431.25	1.6522e+05
431.50	1.5262e+05
431.75	1.3661e+05
432.00	1.2658e+05
432.25	1.1147e+05
432.50	1.0428e+05
432.75	92748
433.00	85100
433.25	77278
433.50	69647
433.75	63004
434.00	59115
434.25	52803
434.50	49076
434.75	43899
435.00	38929
435.25	35879
435.50	31098
435.75	28508
436.00	24443
436.25	22626
436.50	20222
436.75	19330
437.00	18698
437.25	17174
437.50	15616
437.75	15215
438.00	13521
438.25	12725
438.50	10983
438.75	10173
439.00	10341
439.25	10097
439.50	9639.0
439.75	8385.8
440.00	8266.8
440.25	8454.5
440.50	7855.2
440.75	8686.6
441.00	7094.3
441.25	7429.5
441.50	7900.2
441.75	7594.5
442.00	7526.7
442.25	6955.0
442.50	7312.5
442.75	5610.8
443.00	5835.8
443.25	5860.4
443.50	6819.1
443.75	5475.9
444.00	5517.0
444.25	6193.2
444.50	4930.8
444.75	5728.9
445.00	5838.7
445.25	5020.2
445.50	5000.4
445.75	4758.6
446.00	4146.2
446.25	4945.3
446.50	5763.7
446.75	3528.5
447.00	3193.3
447.25	5481.7
447.50	4595.1
447.75	5691.6
448.00	3829.4
448.25	4151.5
448.50	4385.6
448.75	4662.8
449.00	4763.4
449.25	3073.4
449.50	3807.1
449.75	2615.8
450.00	3503.4
450.25	2289.8
450.50	2798.6
450.75	2593.6
451.00	2372.5
451.25	3299.3
451.50	2407.8
451.75	2006.4
452.00	2569.4
452.25	2368.2
452.50	2062.9
452.75	2462.0
453.00	2235.1
453.25	2157.8
453.50	2452.8
453.75	2033.0
454.00	910.31
454.25	2267.1
454.50	1404.2
454.75	1279.4
455.00	670.40
455.25	1274.5
455.50	1594.7
455.75	2133.1
456.00	1072.3
456.25	2542.3
456.50	1683.7
456.75	1805.1
457.00	1768.4
457.25	2057.1
457.50	1208.3
457.75	1119.3
458.00	737.63
458.25	1088.3
458.50	32.891
458.75	-80.777
459.00	1171.5
459.25	820.34
459.50	1216.5
459.75	1755.3
460.00	797.13
460.25	1481.6
460.50	2522.0
460.75	193.48
461.00	1002.7
461.25	1242.6
461.50	2128.7
461.75	999.31
462.00	902.57
462.25	207.50
462.50	1185.0
462.75	1284.7
463.00	856.62
463.25	943.20
463.50	1396.9
463.75	1574.9
464.00	1094.6
464.25	914.66
464.50	664.11
464.75	489.01
465.00	1436.6
465.25	908.38
465.50	148.49
465.75	651.05
466.00	1045.3
466.25	705.22
466.50	754.56
466.75	1101.4
467.00	1162.8
467.25	596.88
467.50	1669.2
467.75	1178.8
468.00	963.03
468.25	38.695
468.50	991.57
468.75	187.19
469.00	807.28
469.25	111.73
469.50	1665.8
469.75	1349.0
470.00	1336.0
470.25	194.93
470.50	335.20
470.75	922.40
471.00	1240.2
471.25	130.11
471.50	1428.3
471.75	827.60
472.00	896.77
472.25	420.33
472.50	670.88
472.75	1280.3
473.00	715.87
473.25	267.00
473.50	723.60
473.75	1022.5
474.00	1185.5
474.25	14.027
474.50	557.21
474.75	45.951
475.00	1085.9
475.25	795.67
475.50	1604.4
475.75	1200.5
476.00	1214.6
476.25	1380.5
476.50	-60.945
476.75	975.12
477.00	879.35
477.25	518.04
477.50	1372.7
477.75	504.49
478.00	906.92
478.25	464.35
478.50	505.94
478.75	1569.1
479.00	302.79
479.25	474.99
479.50	1324.8
479.75	1950.2
480.00	905.96
480.25	388.41
480.50	310.53
480.75	1799.8
481.00	540.28
481.25	623.48
481.50	140.75
481.75	127.69
482.00	407.75
482.25	1868.5
482.50	1155.5
482.75	199.28
483.00	1072.3
483.25	2290.8
483.50	542.70
483.75	993.99
484.00	1499.9
484.25	1373.2
484.50	-46.435
484.75	338.10
485.00	1176.8
485.25	788.42
485.50	235.07
485.75	1325.8
486.00	1607.3
486.25	269.90
486.50	710.54
486.75	677.17
487.00	1928.0
487.25	1155.1
487.50	1517.3
487.75	938.85
488.00	788.42
488.25	1055.4
488.50	838.24
488.75	1814.3
489.00	1098.0
489.25	522.39
489.50	1358.7
489.75	290.22
490.00	946.10
490.25	123.34
490.50	1266.8
490.75	1222.3
491.00	1396.4
491.25	-95.771
491.50	1254.2
491.75	1397.9
492.00	1548.8
492.25	721.67
492.50	1780.5
492.75	1554.6
493.00	1372.7
493.25	1535.7
493.50	2046.5
493.75	737.63
494.00	1079.6
494.25	2215.3
494.50	1260.0
494.75	634.60
495.00	-177.52
495.25	639.44
495.50	801.96
495.75	1218.9
496.00	1646.0
496.25	534.48
496.50	1049.1
496.75	1720.5
497.00	1229.1
497.25	1022.5
497.50	1844.8
497.75	763.75
498.00	867.74
498.25	2108.9
498.50	1625.7
498.75	1107.7
499.00	472.57
499.25	477.40
499.50	-99.157
499.75	1275.0
500.00	1839.5
500.25	1898.0
500.50	1973.5
500.75	2528.7
501.00	513.68
501.25	768.10
501.50	1141.5
501.75	1155.5
502.00	1591.3
502.25	1045.3
502.50	471.12
502.75	1425.9
503.00	1239.2
503.25	340.52
503.50	1803.7
503.75	836.30
504.00	1208.3
504.25	1381.9
504.50	1717.6
504.75	2373.5
505.00	1152.6
505.25	1878.2
505.50	645.25
505.75	1835.6
506.00	1732.6
506.25	1083.5
506.50	1486.4
506.75	1585.5
507.00	1463.2
507.25	1892.2
507.50	1487.8
507.75	1749.5
508.00	1652.8
508.25	1963.3
508.50	1902.4
508.75	63.364
509.00	2170.3
509.25	1944.4
509.50	1355.8
509.75	1885.4
510.00	1282.8
510.25	553.83
510.50	964.97
510.75	1675.5
511.00	1680.3
511.25	2076.5
511.50	1527.5
511.75	2138.4
512.00	1760.2
512.25	1651.8
512.50	2607.1
512.75	1888.8
513.00	2036.8
513.25	1429.8
513.50	965.45
513.75	2139.4
514.00	1551.7
514.25	2785.6
514.50	2289.8
514.75	2544.2
515.00	2640.0
515.25	3237.4
515.50	1031.2
515.75	2796.7
516.00	2657.4
516.25	1051.5
516.50	1359.2
516.75	1650.4
517.00	1461.7
517.25	1732.6
517.50	1378.0
517.75	2789.5
518.00	2481.3
518.25	2785.6
518.50	1922.2
518.75	2205.2
519.00	2833.5
519.25	2303.8
519.50	2777.8
519.75	1376.1
520.00	1955.1
520.25	1548.3
520.50	2682.1
520.75	2665.6
521.00	2307.7
521.25	1486.4
521.50	1791.6
521.75	2222.1
522.00	2461.0
522.25	3013.4
522.50	1944.9
522.75	2881.4
523.00	2352.7
523.25	2429.1
523.50	3100.5
523.75	2682.6
524.00	2422.8
524.25	1849.6
524.50	1894.1
524.75	1225.2
525.00	1655.7
525.25	2691.8
525.50	2134.1
525.75	1696.3
526.00	2139.4
526.25	2822.3
526.50	3606.9
526.75	2561.6
527.00	3299.3
527.25	1896.1
527.50	2542.3
527.75	1976.9
528.00	1365.5
528.25	1858.8
528.50	2697.1
528.75	1276.5
529.00	2711.6
529.25	1834.2
529.50	2604.7
529.75	1545.4
530.00	2242.4
530.25	2728.0
530.50	3115.0
530.75	2494.9
531.00	2391.9
531.25	1244.5
531.50	2326.6
531.75	2027.6
532.00	2486.2
532.25	1982.2
532.50	2051.3
532.75	1259.1
533.00	1036.1
533.25	2136.0
533.50	1419.2
533.75	1500.4
534.00	1627.1
534.25	2418.9
534.50	2460.1
534.75	2026.7
535.00	2002.0
535.25	1968.1
535.50	1211.7
535.75	1532.3
536.00	1870.9
536.25	1490.3
536.50	1373.7
536.75	1261.0
537.00	775.36
537.25	1818.2
537.50	1578.8
537.75	2240.9
538.00	2262.7
538.25	2515.2
538.50	1457.9
538.75	2036.3
539.00	1874.3
539.25	1672.6
539.50	1952.7
539.75	1521.7
540.00	2186.3
540.25	1393.5
540.50	2211.9
540.75	1818.2
541.00	2096.3
541.25	1971.0
541.50	1851.1
541.75	2193.1
542.00	1642.1
542.25	2656.9
542.50	2077.0
542.75	1106.2
543.00	2748.3
543.25	2939.4
543.50	2511.3
543.75	2180.5
544.00	3468.6
544.25	2037.8
544.50	1411.9
544.75	2543.7
545.00	1831.3
545.25	2545.2
545.50	2288.8
545.75	3411.5
546.00	2534.1
546.25	3582.7
546.50	2404.0
546.75	3112.1
547.00	3470.0
547.25	3163.4
547.50	2645.8
547.75	3307.5
548.00	3425.0
548.25	2383.2
548.50	3496.1
548.75	3063.2
549.00	3628.2
549.25	3193.3
549.50	4411.8
549.75	3628.2
550.00	3176.4
550.25	4117.7
550.50	4310.2
550.75	4688.9
551.00	4589.3
551.25	4825.3
551.50	4610.6
551.75	5371.4
552.00	5420.3
552.25	5833.3
552.50	5538.8
552.75	6088.2
553.00	6032.1
553.25	6509.1
553.50	6903.3
553.75	7541.7
554.00	6359.1
554.25	6838.0
554.50	7108.3
554.75	7482.7
555.00	8865.6
555.25	8528.0
555.50	7615.3
555.75	7906.4
556.00	8967.7
556.25	8839.5
556.50	9435.4
556.75	9276.3
557.00	9940.9
557.25	10013
557.50	10072
557.75	10004
558.00	10941
558.25	10559
558.50	10365
558.75	10751
559.00	10866
559.25	10515
559.50	11379
559.75	10752
560.00	12267
560.25	11509
560.50	12735
560.75	12502
561.00	11807
561.25	12465
561.50	12151
561.75	12716
562.00	12265
562.25	12947
562.50	14084
562.75	13969
563.00	14255
563.25	13068
563.50	15009
563.75	14437
564.00	13282
564.25	14243
564.50	15435
564.75	15005
565.00	15359
565.25	15106
565.50	15249
565.75	15009
566.00	14605
566.25	14623
566.50	14912
566.75	14907
567.00	14126
567.25	13357
567.50	14006
567.75	13491
568.00	14723
568.25	14144
568.50	12754
568.75	11931
569.00	12994
569.25	12190
569.50	12551
569.75	11610
570.00	12804
570.25	10850
570.50	10855
570.75	11570
571.00	10087
571.25	10081
571.50	10111
571.75	9355.6
572.00	9657.9
572.25	9337.7
572.50	8334.5
572.75	7219.6
573.00	8252.8
573.25	8676.5
573.50	8381.9
573.75	8045.3
574.00	7469.2
574.25	6892.1
574.50	7492.9
574.75	6423.9
575.00	6404.1
575.25	6819.6
575.50	7205.6
575.75	6737.8
576.00	5829.9
576.25	6868.0
576.50	5888.5
576.75	5652.0
577.00	6323.3
577.25	5631.2
577.50	5488.5
577.75	5102.5
578.00	4923.0
578.25	5182.3
578.50	5036.2
578.75	4685.0
579.00	4245.4
579.25	3969.7
579.50	3505.8
579.75	4386.1
580.00	3661.6
580.25	3017.8
580.50	3994.3
580.75	4385.2
581.00	2427.7
581.25	3604.5
581.50	3621.4
581.75	3408.1
582.00	3099.5
582.25	1978.8
582.50	1684.7
582.75	3175.4
583.00	3194.3
583.25	3852.6
583.50	2693.2
583.75	2918.6
584.00	2942.8
584.25	2401.5
584.50	3116.9
584.75	2810.7
585.00	1922.2
585.25	2410.2
585.50	3354.9
585.75	1577.3
586.00	2085.7
586.25	2092.5
586.50	1362.6
586.75	1377.6
587.00	1980.7
587.25	2133.6
587.50	2463.9
587.75	2472.2
588.00	1927.0
588.25	2164.5
588.50	2441.7
588.75	1476.7
589.00	2307.2
589.25	2197.9
589.50	2848.0
589.75	1533.8
590.00	1437.5
590.25	2272.9
590.50	1904.3
590.75	2544.2
591.00	1728.7
591.25	2499.7
591.50	1759.7
591.75	2389.0
592.00	2594.5
592.25	2196.0
592.50	1885.4
592.75	2214.8
593.00	1583.6
593.25	1568.1
593.50	1667.8
593.75	2689.3
594.00	2591.6
594.25	1990.9
594.50	1648.9
594.75	2887.6
595.00	3341.3
595.25	1380.0
595.50	2862.0
595.75	3589.5
596.00	2673.9
596.25	2626.0
596.50	1083.5
596.75	2603.7
597.00	2717.4
597.25	3169.6
597.50	2696.6
597.75	3706.5
598.00	3479.7
598.25	4213.0
598.50	3563.4
598.75	3704.6
599.00	4050.9
599.25	3784.4
599.50	5514.1
599.75	4711.7
600.00	3691.1
600.25	4047.1
600.50	5314.3
600.75	5290.6
601.00	5498.1
601.25	4951.6
601.50	5645.7
601.75	5278.5
602.00	5823.7
602.25	5163.4
602.50	6257.5
602.75	5801.9
603.00	5346.7
603.25	6244.5
603.50	5185.2
603.75	5651.0
604.00	5076.4
604.25	5071.0
604.50	5927.7
604.75	5458.5
605.00	6287.0
605.25	5732.2
605.50	4850.0
605.75	4600.4
606.00	4480.9
606.25	5121.3
606.50	5620.0
606.75	4336.8
607.00	4031.6
607.25	4843.7
607.50	4680.2
607.75	3226.2
608.00	3776.7
608.25	3640.3
608.50	4500.3
608.75	3732.7
609.00	3344.7
609.25	2708.2
609.50	2910.9
609.75	3125.6
610.00	3270.2
610.25	2505.0
610.50	937.40
610.75	2127.8
611.00	2757.0
611.25	2929.2
611.50	2212.9
611.75	1683.3
612.00	3193.8
612.25	2203.2
612.50	1320.5
612.75	2054.2
613.00	863.39
613.25	2489.1
613.50	1436.1
613.75	1483.0
614.00	2060.5
614.25	2252.6
614.50	1670.2
614.75	2441.2
615.00	1141.5
615.25	1933.3
615.50	1159.9
615.75	1583.6
616.00	1925.1
616.25	2147.1
616.50	527.23
616.75	344.39
617.00	820.34
617.25	1858.8
617.50	1310.8
617.75	817.92
618.00	1157.5
618.25	726.51
618.50	1667.3
618.75	168.81
619.00	465.80
619.25	250.55
619.50	793.74
619.75	1574.4
620.00	497.24
620.25	1726.3
620.50	1172.5
620.75	1668.7
621.00	437.26
621.25	828.57
621.50	294.09
621.75	683.94
622.00	89.483
622.25	810.67
622.50	257.32
622.75	1740.8
623.00	-22.734
623.25	496.27
623.50	877.42
623.75	354.06
624.00	1601.0
624.25	1303.6
624.50	662.66
624.75	1275.5
625.00	93.836
625.25	1129.4
625.50	-274.25
625.75	584.78
626.00	-88.999
626.25	151.40
626.50	591.56
626.75	774.88
627.00	946.59
627.25	512.23
627.50	261.68
627.75	746.34
628.00	359.87
628.25	277.64
628.50	807.77
628.75	654.92
629.00	1440.9
629.25	480.79
629.50	798.58
629.75	202.18
630.00	1083.0
630.25	618.16
630.50	1425.0
630.75	1692.9
631.00	2265.6
631.25	-273.77
631.50	739.08
631.75	-708.13
632.00	525.29
632.25	749.72
632.50	900.15
632.75	341.00
633.00	-249.59
633.25	-42.081
633.50	1083.5
633.75	957.23
634.00	963.03
634.25	113.18
634.50	893.86
634.75	986.73
635.00	285.38
635.25	722.15
635.50	-48.369
635.75	379.22
636.00	-543.67
636.25	1006.1
636.50	840.66
636.75	52.723
637.00	420.33
637.25	1148.8
637.50	1748.5
637.75	1009.5
638.00	1555.1
638.25	1642.6
638.50	124.79
638.75	203.63
639.00	949.49
639.25	1811.4
639.50	-101.58
639.75	239.91
640.00	-371.48
640.25	108.35
640.50	1031.7
640.75	920.95
641.00	1693.9
641.25	1345.6
641.50	1093.1
641.75	1220.8
642.00	-128.66
642.25	-222.50
642.50	865.81
642.75	607.03
643.00	668.95
643.25	611.39
643.50	49.820
643.75	385.50
644.00	762.78
644.25	1858.3
644.50	1296.8
644.75	1934.3
645.00	-173.16
645.25	-88.999
645.50	1622.3
645.75	1371.3
646.00	771.97
646.25	1180.7
646.50	40.147
646.75	125.76
647.00	543.19
647.25	378.73
647.50	765.69
647.75	-373.41
648.00	-179.45
648.25	358.42
648.50	2200.8
648.75	925.30
649.00	866.78
649.25	-475.95
649.50	1152.2
649.75	580.92
650.00	1013.8
650.25	1236.3
650.50	-201.70
650.75	-581.40
651.00	831.47
651.25	1257.6
651.50	-175.58
651.75	922.40
652.00	96.255
652.25	465.80
652.50	-171.71
652.75	-75.940
653.00	871.13
653.25	2146.6
653.50	-882.26
653.75	315.37
654.00	-722.64
654.25	484.66
654.50	560.60
654.75	915.63
655.00	1866.6
655.25	-52.723
655.50	368.09
655.75	804.86
656.00	-185.25
656.25	1506.2
656.50	632.19
656.75	1041.9
657.00	191.54
657.25	1040.9
657.50	-259.74
657.75	1303.1
658.00	494.82
658.25	1348.1
658.50	-657.34
658.75	1217.9
659.00	1389.6
659.25	1192.8
659.50	300.86
659.75	274.25
660.00	1769.8
660.25	0.96739
660.50	-526.26
660.75	1351.9
661.00	1476.2
661.25	-202.18
661.50	-708.13
661.75	439.19
662.00	981.90
662.25	-152.85
662.50	94.804
662.75	776.81
663.00	-33.858
663.25	459.02
663.50	238.46
663.75	835.34
664.00	742.47
664.25	311.98
664.50	293.60
664.75	723.60
665.00	933.04
665.25	423.71
665.50	144.62
665.75	178.00
666.00	-19.348
666.25	-96.739
666.50	786.48
666.75	1258.1
667.00	-805.35
667.25	1756.8
667.50	946.10
667.75	844.04
668.00	-153.33
668.25	480.79
668.50	808.25
668.75	7.7391
669.00	1286.6
669.25	1288.1
669.50	-214.76
669.75	1565.7
670.00	903.05
670.25	359.87
670.50	1004.6
670.75	2081.3
671.00	13.543
671.25	-1087.3
671.50	1999.6
671.75	1197.6
672.00	-434.36
672.25	300.37
672.50	636.54
672.75	-1131.4
673.00	70.135
673.25	-349.23
673.50	1191.8
673.75	1862.2
674.00	1221.3
674.25	1284.7
674.50	1053.0
674.75	479.82
675.00	826.15
675.25	1680.8
675.50	356.97
675.75	70.619
676.00	475.47
676.25	248.62
676.50	901.60
676.75	120.92
677.00	-223.95
677.25	562.05
677.50	226.37
677.75	496.27
678.00	239.43
678.25	532.06
678.50	-661.69
678.75	511.26
679.00	199.77
679.25	1047.7
679.50	1038.0
679.75	298.44
680.00	597.36
680.25	203.15
680.50	1804.7
680.75	436.29
681.00	848.40
681.25	1299.7
681.50	1169.6
681.75	466.76
682.00	816.47
682.25	409.69
682.50	-326.98
682.75	-126.24
683.00	1141.0
683.25	-42.565
683.50	-344.87
683.75	-126.73
684.00	267.00
684.25	936.43
684.50	1378.5
684.75	386.47
685.00	342.45
685.25	413.07
685.50	717.32
685.75	-608.00
686.00	13.543
686.25	172.68
686.50	-182.84
686.75	-146.08
687.00	297.47
687.25	601.23
687.50	700.39
687.75	1672.6
688.00	897.73
688.25	53.690
688.50	253.46
688.75	229.27
689.00	824.70
689.25	462.41
689.50	1455.9
689.75	-69.652
690.00	602.20
690.25	403.40
690.50	1220.8
690.75	1385.3
691.00	868.71
691.25	997.37
691.50	180.42
691.75	50.304
692.00	606.07
692.25	123.83
692.50	417.91
692.75	760.37
693.00	1558.0
693.25	2359.0
693.50	527.71
693.75	566.40
694.00	546.57
694.25	-13.060
694.50	945.14
694.75	2209.0
695.00	741.50
695.25	975.61
695.50	510.78
695.75	-95.771
696.00	-29.505
696.25	1389.2
696.50	-203.15
696.75	-995.92
697.00	562.53
697.25	-152.36
697.50	877.90
697.75	954.33
698.00	272.32
698.25	1349.5
698.50	1284.7
698.75	-935.46
699.00	-912.73
699.25	812.60
699.50	-904.02
699.75	1111.5
700.00	-1395.0
