Wavelength (nm)	137 Oxo-Zn12.abs
300.00	0.056648
301.00	0.056649
302.00	0.056279
303.00	0.056607
304.00	0.056487
305.00	0.056590
306.00	0.056411
307.00	0.056459
308.00	0.056242
309.00	0.056310
310.00	0.056678
311.00	0.056746
312.00	0.056554
313.00	0.056747
314.00	0.057025
315.00	0.057276
316.00	0.057367
317.00	0.057427
318.00	0.057455
319.00	0.057344
320.00	0.057431
321.00	0.057815
322.00	0.057655
323.00	0.057840
324.00	0.057886
325.00	0.058114
326.00	0.058177
327.00	0.058721
328.00	0.059194
329.00	0.059178
330.00	0.059734
331.00	0.059617
332.00	0.059759
333.00	0.059483
334.00	0.058915
335.00	0.057858
336.00	0.056947
337.00	0.055453
338.00	0.053710
339.00	0.052160
340.00	0.050508
341.00	0.048823
342.00	0.047516
343.00	0.046414
344.00	0.045019
345.00	0.044032
346.00	0.043130
347.00	0.042631
348.00	0.042158
349.00	0.041605
350.00	0.041370
351.00	0.040964
352.00	0.040779
353.00	0.040859
354.00	0.041198
355.00	0.040679
356.00	0.040160
357.00	0.038874
358.00	0.037497
359.00	0.037855
360.00	0.039249
361.00	0.040617
362.00	0.041567
363.00	0.041897
364.00	0.042134
365.00	0.041975
366.00	0.042570
367.00	0.044341
368.00	0.045227
369.00	0.045718
370.00	0.046805
371.00	0.048470
372.00	0.049382
373.00	0.049984
374.00	0.051662
375.00	0.053166
376.00	0.054288
377.00	0.055394
378.00	0.056805
379.00	0.058466
380.00	0.059112
381.00	0.059953
382.00	0.062045
383.00	0.064308
384.00	0.065459
385.00	0.067238
386.00	0.069592
387.00	0.072748
388.00	0.076745
389.00	0.080269
390.00	0.084374
391.00	0.092053
392.00	0.10076
393.00	0.11003
394.00	0.11846
395.00	0.12969
396.00	0.14309
397.00	0.15740
398.00	0.17116
399.00	0.18246
400.00	0.19073
401.00	0.19856
402.00	0.20430
403.00	0.20639
404.00	0.20633
405.00	0.20545
406.00	0.20328
407.00	0.20077
408.00	0.20409
409.00	0.21055
410.00	0.22115
411.00	0.23815
412.00	0.26387
413.00	0.29772
414.00	0.33537
415.00	0.38458
416.00	0.44360
417.00	0.51284
418.00	0.59239
419.00	0.67957
420.00	0.77340
421.00	0.86610
422.00	0.93834
423.00	0.98368
424.00	1.00000
425.00	0.98247
426.00	0.92972
427.00	0.85098
428.00	0.76013
429.00	0.65296
430.00	0.55215
431.00	0.46136
432.00	0.37291
433.00	0.29272
434.00	0.22977
435.00	0.17815
436.00	0.13589
437.00	0.10362
438.00	0.078075
439.00	0.059768
440.00	0.044779
441.00	0.035334
442.00	0.028923
443.00	0.021785
444.00	0.018650
445.00	0.015689
446.00	0.013592
447.00	0.012510
448.00	0.011476
449.00	0.011041
450.00	0.010320
451.00	0.0094191
452.00	0.0093724
453.00	0.0095340
454.00	0.0090665
455.00	0.0098022
456.00	0.0097842
457.00	0.0095633
458.00	0.010529
459.00	0.010227
460.00	0.0093119
461.00	0.0089827
462.00	0.0074013
463.00	0.0090408
464.00	0.011025
465.00	0.010470
466.00	0.0093598
467.00	0.0072188
468.00	0.0079712
469.00	0.0081968
470.00	0.0072607
471.00	0.0083213
472.00	0.0090833
473.00	0.010472
474.00	0.0092766
475.00	0.0096483
476.00	0.0095819
477.00	0.0088588
478.00	0.0095843
479.00	0.0090911
480.00	0.010254
481.00	0.010288
482.00	0.0097687
483.00	0.0090731
484.00	0.0091904
485.00	0.013350
486.00	0.010274
487.00	0.0087226
488.00	0.0081292
489.00	0.0068662
490.00	0.0083937
491.00	0.0078508
492.00	0.0075085
493.00	0.0090749
494.00	0.0079664
495.00	0.0078317
496.00	0.0087331
497.00	0.0090635
498.00	0.0075737
499.00	0.0095292
500.00	0.0083896
501.00	0.0088654
502.00	0.010256
503.00	0.0098267
504.00	0.0095071
505.00	0.0098357
506.00	0.010316
507.00	0.010846
508.00	0.011860
509.00	0.012612
510.00	0.012740
511.00	0.013978
512.00	0.013819
513.00	0.014129
514.00	0.014992
515.00	0.015023
516.00	0.015935
517.00	0.016787
518.00	0.016541
519.00	0.017524
520.00	0.017821
521.00	0.017737
522.00	0.018662
523.00	0.018479
524.00	0.018130
525.00	0.017806
526.00	0.017624
527.00	0.017608
528.00	0.016838
529.00	0.016741
530.00	0.016261
531.00	0.015873
532.00	0.016382
533.00	0.017357
534.00	0.017415
535.00	0.017308
536.00	0.016714
537.00	0.017068
538.00	0.018160
539.00	0.018602
540.00	0.017800
541.00	0.018045
542.00	0.018768
543.00	0.019149
544.00	0.019339
545.00	0.019020
546.00	0.018368
547.00	0.019230
548.00	0.019910
549.00	0.018782
550.00	0.018329
551.00	0.019237
552.00	0.020536
553.00	0.020751
554.00	0.021198
555.00	0.022713
556.00	0.025116
557.00	0.025943
558.00	0.028429
559.00	0.030640
560.00	0.032586
561.00	0.033489
562.00	0.032919
563.00	0.033010
564.00	0.033844
565.00	0.033629
566.00	0.032590
567.00	0.033055
568.00	0.031970
569.00	0.030738
570.00	0.030243
571.00	0.027276
572.00	0.024864
573.00	0.023113
574.00	0.024316
575.00	0.021556
576.00	0.019063
577.00	0.020017
578.00	0.017849
579.00	0.019297
580.00	0.016830
581.00	0.018251
582.00	0.019172
583.00	0.015673
584.00	0.014186
585.00	0.020788
586.00	0.016413
587.00	0.016942
588.00	0.018721
589.00	0.016520
590.00	0.017363
591.00	0.018587
592.00	0.020489
593.00	0.023503
594.00	0.021225
595.00	0.022301
596.00	0.022715
597.00	0.023392
598.00	0.025559
599.00	0.027682
600.00	0.026336
601.00	0.027734
602.00	0.030978
603.00	0.038102
604.00	0.046664
605.00	0.060785
606.00	0.082292
607.00	0.10647
608.00	0.13447
609.00	0.16176
610.00	0.18475
611.00	0.19155
612.00	0.18565
613.00	0.16700
614.00	0.14185
615.00	0.11376
616.00	0.088136
617.00	0.066177
618.00	0.050265
619.00	0.036246
620.00	0.027357
621.00	0.020854
622.00	0.015684
623.00	0.013210
624.00	0.0096172
625.00	0.0070931
626.00	0.0062024
627.00	0.0049628
628.00	0.0045599
629.00	0.0031629
630.00	0.0036716
631.00	0.0026008
632.00	0.0020735
633.00	0.0023698
634.00	0.0021387
635.00	0.0014234
636.00	0.0018604
637.00	0.0021273
638.00	0.0014611
639.00	0.0017221
640.00	0.00094217
641.00	0.0022536
642.00	0.0018442
643.00	0.0026936
644.00	0.0016509
645.00	0.00049265
646.00	0.00068772
647.00	5.4158e-06
648.00	0.00045554
649.00	0.00036815
650.00	0.00059201
651.00	0.0010559
652.00	0.00099126
653.00	0.0018388
654.00	0.0010912
655.00	0.00037144
656.00	0.0010506
657.00	0.00016788
658.00	0.0014578
659.00	0.0012846
660.00	0.00073926
661.00	0.0014528
662.00	0.0016569
663.00	0.0016551
664.00	0.0015060
665.00	0.0017897
666.00	0.0015743
667.00	0.0013001
668.00	0.0013474
669.00	0.0014647
670.00	0.0018173
671.00	0.0017592
672.00	0.0016826
673.00	0.0013426
674.00	0.0013971
675.00	0.0018712
676.00	0.0020190
677.00	0.0018622
678.00	0.0020076
679.00	0.0018616
680.00	0.0018173
681.00	0.0012983
682.00	0.0011589
683.00	0.0015976
684.00	0.0014683
685.00	0.0013815
686.00	0.0012654
687.00	0.0015856
688.00	0.0015461
689.00	0.0016204
690.00	0.0018795
691.00	0.0019514
692.00	0.0018275
693.00	0.0018688
694.00	0.0021543
695.00	0.0022542
696.00	0.0025571
697.00	0.0023536
698.00	0.0020178
699.00	0.0021639
700.00	0.0023997
