Wavelength (nm)	267 FbC-M10I-Pr
300.00	0.096329
301.00	0.098924
302.00	0.10109
303.00	0.10424
304.00	0.10761
305.00	0.11109
306.00	0.11465
307.00	0.11792
308.00	0.12144
309.00	0.12438
310.00	0.12662
311.00	0.12773
312.00	0.12814
313.00	0.12844
314.00	0.12807
315.00	0.12750
316.00	0.12715
317.00	0.12683
318.00	0.12701
319.00	0.12779
320.00	0.12892
321.00	0.13070
322.00	0.13270
323.00	0.13510
324.00	0.13805
325.00	0.14124
326.00	0.14454
327.00	0.14770
328.00	0.15130
329.00	0.15486
330.00	0.15829
331.00	0.16222
332.00	0.16530
333.00	0.16882
334.00	0.17202
335.00	0.17505
336.00	0.17792
337.00	0.18070
338.00	0.18330
339.00	0.18571
340.00	0.18796
341.00	0.19024
342.00	0.19271
343.00	0.19518
344.00	0.19750
345.00	0.20020
346.00	0.20306
347.00	0.20620
348.00	0.20939
349.00	0.21251
350.00	0.21607
351.00	0.21954
352.00	0.22274
353.00	0.22617
354.00	0.22964
355.00	0.23309
356.00	0.23674
357.00	0.23998
358.00	0.24343
359.00	0.24674
360.00	0.25061
361.00	0.25432
362.00	0.25807
363.00	0.26101
364.00	0.26340
365.00	0.26431
366.00	0.26276
367.00	0.26010
368.00	0.25585
369.00	0.25046
370.00	0.24525
371.00	0.24059
372.00	0.23572
373.00	0.23246
374.00	0.22882
375.00	0.22619
376.00	0.22445
377.00	0.22269
378.00	0.22156
379.00	0.22128
380.00	0.22199
381.00	0.22347
382.00	0.22594
383.00	0.22959
384.00	0.23349
385.00	0.23799
386.00	0.24339
387.00	0.24890
388.00	0.25542
389.00	0.26218
390.00	0.26953
391.00	0.27743
392.00	0.28798
393.00	0.29870
394.00	0.31244
395.00	0.32816
396.00	0.34678
397.00	0.36772
398.00	0.38933
399.00	0.40963
400.00	0.42963
401.00	0.44809
402.00	0.46346
403.00	0.47606
404.00	0.48607
405.00	0.49303
406.00	0.49917
407.00	0.50522
408.00	0.51354
409.00	0.52812
410.00	0.54972
411.00	0.58117
412.00	0.62373
413.00	0.67558
414.00	0.73571
415.00	0.80434
416.00	0.87242
417.00	0.93289
418.00	0.97827
419.00	1.0000
420.00	0.99242
421.00	0.96150
422.00	0.91568
423.00	0.86055
424.00	0.80410
425.00	0.75293
426.00	0.70630
427.00	0.65845
428.00	0.61192
429.00	0.55250
430.00	0.48742
431.00	0.42493
432.00	0.36036
433.00	0.29395
434.00	0.23679
435.00	0.19378
436.00	0.15488
437.00	0.12430
438.00	0.10036
439.00	0.081191
440.00	0.066774
441.00	0.054545
442.00	0.046124
443.00	0.039277
444.00	0.033683
445.00	0.029537
446.00	0.026464
447.00	0.023988
448.00	0.022001
449.00	0.020887
450.00	0.019670
451.00	0.018724
452.00	0.018305
453.00	0.017686
454.00	0.017294
455.00	0.016877
456.00	0.016804
457.00	0.017010
458.00	0.016520
459.00	0.016077
460.00	0.016361
461.00	0.016343
462.00	0.016204
463.00	0.015836
464.00	0.016054
465.00	0.016430
466.00	0.016359
467.00	0.016994
468.00	0.017679
469.00	0.018102
470.00	0.018529
471.00	0.019770
472.00	0.020411
473.00	0.021880
474.00	0.022613
475.00	0.023768
476.00	0.024675
477.00	0.025784
478.00	0.026886
479.00	0.027775
480.00	0.028172
481.00	0.028530
482.00	0.029329
483.00	0.029371
484.00	0.029587
485.00	0.029565
486.00	0.028964
487.00	0.029435
488.00	0.029820
489.00	0.029025
490.00	0.028811
491.00	0.028449
492.00	0.028225
493.00	0.027775
494.00	0.027134
495.00	0.026756
496.00	0.026527
497.00	0.026672
498.00	0.026627
499.00	0.026759
500.00	0.027441
501.00	0.027996
502.00	0.029217
503.00	0.030670
504.00	0.031838
505.00	0.033800
506.00	0.035710
507.00	0.037924
508.00	0.040276
509.00	0.041983
510.00	0.044150
511.00	0.046238
512.00	0.047143
513.00	0.047535
514.00	0.047733
515.00	0.047653
516.00	0.046890
517.00	0.046643
518.00	0.045867
519.00	0.045210
520.00	0.043309
521.00	0.041317
522.00	0.038731
523.00	0.036799
524.00	0.034282
525.00	0.032388
526.00	0.030308
527.00	0.028807
528.00	0.027799
529.00	0.026489
530.00	0.026174
531.00	0.026211
532.00	0.026511
533.00	0.026847
534.00	0.028616
535.00	0.030014
536.00	0.031942
537.00	0.035110
538.00	0.038505
539.00	0.042624
540.00	0.046978
541.00	0.052458
542.00	0.058797
543.00	0.065225
544.00	0.073052
545.00	0.081764
546.00	0.091583
547.00	0.10299
548.00	0.11368
549.00	0.12452
550.00	0.13367
551.00	0.13952
552.00	0.14208
553.00	0.14032
554.00	0.13462
555.00	0.12529
556.00	0.11416
557.00	0.10238
558.00	0.089992
559.00	0.078036
560.00	0.067155
561.00	0.058491
562.00	0.050747
563.00	0.044591
564.00	0.039608
565.00	0.035384
566.00	0.032088
567.00	0.029127
568.00	0.027451
569.00	0.026149
570.00	0.024982
571.00	0.024206
572.00	0.023915
573.00	0.023486
574.00	0.022899
575.00	0.022597
576.00	0.022298
577.00	0.021730
578.00	0.021230
579.00	0.021019
580.00	0.020411
581.00	0.019603
582.00	0.019182
583.00	0.019165
584.00	0.018477
585.00	0.017742
586.00	0.017627
587.00	0.017101
588.00	0.016417
589.00	0.016222
590.00	0.015684
591.00	0.015091
592.00	0.014752
593.00	0.014094
594.00	0.013862
595.00	0.013406
596.00	0.013226
597.00	0.012757
598.00	0.012423
599.00	0.012149
600.00	0.012055
601.00	0.011958
602.00	0.012157
603.00	0.011901
604.00	0.011805
605.00	0.011997
606.00	0.012574
607.00	0.012742
608.00	0.013317
609.00	0.013990
610.00	0.014338
611.00	0.015483
612.00	0.016692
613.00	0.018068
614.00	0.019976
615.00	0.021868
616.00	0.024207
617.00	0.027020
618.00	0.029794
619.00	0.032331
620.00	0.034894
621.00	0.037383
622.00	0.039448
623.00	0.041266
624.00	0.043070
625.00	0.044594
626.00	0.045783
627.00	0.046912
628.00	0.048076
629.00	0.048830
630.00	0.049678
631.00	0.049791
632.00	0.049969
633.00	0.049333
634.00	0.048473
635.00	0.047223
636.00	0.045297
637.00	0.043737
638.00	0.041627
639.00	0.039988
640.00	0.038205
641.00	0.037123
642.00	0.035798
643.00	0.034214
644.00	0.033802
645.00	0.033000
646.00	0.031888
647.00	0.031624
648.00	0.031838
649.00	0.031137
650.00	0.031276
651.00	0.031131
652.00	0.031618
653.00	0.031098
654.00	0.031302
655.00	0.030023
656.00	0.028563
657.00	0.030111
658.00	0.029322
659.00	0.029159
660.00	0.029665
661.00	0.030480
662.00	0.032166
663.00	0.034617
664.00	0.037337
665.00	0.040557
666.00	0.045535
667.00	0.051287
668.00	0.056507
669.00	0.063518
670.00	0.070502
671.00	0.077720
672.00	0.086366
673.00	0.095984
674.00	0.10829
675.00	0.12391
676.00	0.14371
677.00	0.16892
678.00	0.20038
679.00	0.23505
680.00	0.27537
681.00	0.31617
682.00	0.35529
683.00	0.38871
684.00	0.41410
685.00	0.42653
686.00	0.42689
687.00	0.41395
688.00	0.39007
689.00	0.35715
690.00	0.31903
691.00	0.27753
692.00	0.23720
693.00	0.19836
694.00	0.16453
695.00	0.13420
696.00	0.10880
697.00	0.087449
698.00	0.070944
699.00	0.057328
700.00	0.046086
701.00	0.037956
702.00	0.030990
703.00	0.025057
704.00	0.020817
705.00	0.017171
706.00	0.014095
707.00	0.011515
708.00	0.010077
709.00	0.0083625
710.00	0.0068248
711.00	0.0059030
712.00	0.0049785
713.00	0.0048197
714.00	0.0038564
715.00	0.0034851
716.00	0.0033086
717.00	0.0027669
718.00	0.0028793
719.00	0.0026983
720.00	0.0026856
721.00	0.0021384
722.00	0.0017539
723.00	0.0018667
724.00	0.0018457
725.00	0.0014567
726.00	0.0014175
727.00	0.0016515
728.00	0.0017638
729.00	0.0013289
730.00	0.0014418
731.00	0.0012836
732.00	0.00078061
733.00	0.00096264
734.00	0.0010838
735.00	0.00090676
736.00	0.00088795
737.00	0.00097758
738.00	0.00081436
739.00	0.0010744
740.00	0.00075460
741.00	0.00094881
742.00	0.00065556
743.00	0.00045914
744.00	0.00071034
745.00	0.00073358
746.00	0.00035678
747.00	0.00075350
748.00	0.00051669
749.00	0.00038500
750.00	0.00040824
