Wavelength (nm)	179 OXO1-I20.abs
300.00	0.088456
301.00	0.088412
302.00	0.087773
303.00	0.087451
304.00	0.087147
305.00	0.086279
306.00	0.085663
307.00	0.084787
308.00	0.083883
309.00	0.082934
310.00	0.081706
311.00	0.080878
312.00	0.079713
313.00	0.078636
314.00	0.077937
315.00	0.077122
316.00	0.076386
317.00	0.075668
318.00	0.075285
319.00	0.075013
320.00	0.074735
321.00	0.074757
322.00	0.074643
323.00	0.074888
324.00	0.075309
325.00	0.075755
326.00	0.076603
327.00	0.076927
328.00	0.077664
329.00	0.078484
330.00	0.079352
331.00	0.079939
332.00	0.080795
333.00	0.081509
334.00	0.081978
335.00	0.082467
336.00	0.082734
337.00	0.082683
338.00	0.082428
339.00	0.082159
340.00	0.081673
341.00	0.081185
342.00	0.080789
343.00	0.080089
344.00	0.079747
345.00	0.079358
346.00	0.079067
347.00	0.078980
348.00	0.078496
349.00	0.078673
350.00	0.078633
351.00	0.078663
352.00	0.078953
353.00	0.079750
354.00	0.080656
355.00	0.081133
356.00	0.081833
357.00	0.081614
358.00	0.081273
359.00	0.081122
360.00	0.081588
361.00	0.083151
362.00	0.084666
363.00	0.086322
364.00	0.087868
365.00	0.089753
366.00	0.091629
367.00	0.093712
368.00	0.095241
369.00	0.097087
370.00	0.098863
371.00	0.10145
372.00	0.10419
373.00	0.10571
374.00	0.10871
375.00	0.11181
376.00	0.11371
377.00	0.11576
378.00	0.11899
379.00	0.12193
380.00	0.12413
381.00	0.12662
382.00	0.12996
383.00	0.13300
384.00	0.13598
385.00	0.13976
386.00	0.14371
387.00	0.14868
388.00	0.15421
389.00	0.15925
390.00	0.16439
391.00	0.17151
392.00	0.17942
393.00	0.18757
394.00	0.19487
395.00	0.20579
396.00	0.21854
397.00	0.23343
398.00	0.24872
399.00	0.26287
400.00	0.27648
401.00	0.29209
402.00	0.30735
403.00	0.32285
404.00	0.33949
405.00	0.35913
406.00	0.37688
407.00	0.39808
408.00	0.42617
409.00	0.45567
410.00	0.48975
411.00	0.52995
412.00	0.57933
413.00	0.63882
414.00	0.70185
415.00	0.77871
416.00	0.85532
417.00	0.92579
418.00	0.97481
419.00	0.99908
420.00	1.0000
421.00	0.97821
422.00	0.93930
423.00	0.89358
424.00	0.84962
425.00	0.81050
426.00	0.77893
427.00	0.75842
428.00	0.74113
429.00	0.72573
430.00	0.70954
431.00	0.68116
432.00	0.64006
433.00	0.58768
434.00	0.52602
435.00	0.45996
436.00	0.39398
437.00	0.33227
438.00	0.27697
439.00	0.23064
440.00	0.19151
441.00	0.15946
442.00	0.13396
443.00	0.11282
444.00	0.095787
445.00	0.081694
446.00	0.070284
447.00	0.060928
448.00	0.053311
449.00	0.047423
450.00	0.042055
451.00	0.037192
452.00	0.033586
453.00	0.030472
454.00	0.027923
455.00	0.026334
456.00	0.024147
457.00	0.023003
458.00	0.022255
459.00	0.020886
460.00	0.019001
461.00	0.018533
462.00	0.016537
463.00	0.017730
464.00	0.018154
465.00	0.017673
466.00	0.016757
467.00	0.015043
468.00	0.016129
469.00	0.015598
470.00	0.015437
471.00	0.016257
472.00	0.016981
473.00	0.017634
474.00	0.017021
475.00	0.017425
476.00	0.017347
477.00	0.016997
478.00	0.018337
479.00	0.018069
480.00	0.019632
481.00	0.019404
482.00	0.019629
483.00	0.020258
484.00	0.020661
485.00	0.021288
486.00	0.021351
487.00	0.021691
488.00	0.021682
489.00	0.022272
490.00	0.023913
491.00	0.023340
492.00	0.023916
493.00	0.024606
494.00	0.025336
495.00	0.025100
496.00	0.026969
497.00	0.026749
498.00	0.026881
499.00	0.028760
500.00	0.028523
501.00	0.029854
502.00	0.030707
503.00	0.031410
504.00	0.031700
505.00	0.033479
506.00	0.034362
507.00	0.035302
508.00	0.036474
509.00	0.036856
510.00	0.037642
511.00	0.039615
512.00	0.040666
513.00	0.042286
514.00	0.043847
515.00	0.045901
516.00	0.048863
517.00	0.051309
518.00	0.053282
519.00	0.054964
520.00	0.055888
521.00	0.056742
522.00	0.057620
523.00	0.058872
524.00	0.059590
525.00	0.059378
526.00	0.059272
527.00	0.058952
528.00	0.058478
529.00	0.057417
530.00	0.054252
531.00	0.051879
532.00	0.048947
533.00	0.046730
534.00	0.043286
535.00	0.040278
536.00	0.036427
537.00	0.033708
538.00	0.032354
539.00	0.030431
540.00	0.028869
541.00	0.028542
542.00	0.028545
543.00	0.029263
544.00	0.030461
545.00	0.032043
546.00	0.034050
547.00	0.037914
548.00	0.041130
549.00	0.043167
550.00	0.047095
551.00	0.051142
552.00	0.055332
553.00	0.058685
554.00	0.061582
555.00	0.064722
556.00	0.067716
557.00	0.068461
558.00	0.069148
559.00	0.067723
560.00	0.065336
561.00	0.061558
562.00	0.056329
563.00	0.051534
564.00	0.046706
565.00	0.041700
566.00	0.036811
567.00	0.033728
568.00	0.029437
569.00	0.026928
570.00	0.024428
571.00	0.021118
572.00	0.018110
573.00	0.016132
574.00	0.016355
575.00	0.013463
576.00	0.012269
577.00	0.012933
578.00	0.012721
579.00	0.010676
580.00	0.011599
581.00	0.012481
582.00	0.012190
583.00	0.010439
584.00	0.010277
585.00	0.014492
586.00	0.011209
587.00	0.013756
588.00	0.015856
589.00	0.016300
590.00	0.020486
591.00	0.024059
592.00	0.028351
593.00	0.031622
594.00	0.029084
595.00	0.029777
596.00	0.028701
597.00	0.029861
598.00	0.031507
599.00	0.033389
600.00	0.032486
601.00	0.031963
602.00	0.031120
603.00	0.030688
604.00	0.028376
605.00	0.026580
606.00	0.025458
607.00	0.022197
608.00	0.018969
609.00	0.016550
610.00	0.015432
611.00	0.013204
612.00	0.012004
613.00	0.011370
614.00	0.010888
615.00	0.010204
616.00	0.0090984
617.00	0.0086063
618.00	0.0087477
619.00	0.0078157
620.00	0.0083451
621.00	0.0074076
622.00	0.0080751
623.00	0.0074347
624.00	0.0062168
625.00	0.0053786
626.00	0.0050950
627.00	0.0053222
628.00	0.0051463
629.00	0.0054257
630.00	0.0051291
631.00	0.0054257
632.00	0.0057466
633.00	0.0065708
634.00	0.0075923
635.00	0.0083223
636.00	0.0095653
637.00	0.010647
638.00	0.011868
639.00	0.013001
640.00	0.013379
641.00	0.014425
642.00	0.015867
643.00	0.018120
644.00	0.019602
645.00	0.021249
646.00	0.024359
647.00	0.030842
648.00	0.041647
649.00	0.054041
650.00	0.065692
651.00	0.076004
652.00	0.079682
653.00	0.077675
654.00	0.070281
655.00	0.061347
656.00	0.050544
657.00	0.042247
658.00	0.032040
659.00	0.024313
660.00	0.019372
661.00	0.015322
662.00	0.012292
663.00	0.0096852
664.00	0.0081003
665.00	0.0064892
666.00	0.0056561
667.00	0.0047652
668.00	0.0042582
669.00	0.0034807
670.00	0.0028454
671.00	0.0027899
672.00	0.0023123
673.00	0.0017124
674.00	0.0020067
675.00	0.0015580
676.00	0.0016103
677.00	0.0013192
678.00	0.0012656
679.00	0.0010585
680.00	0.0011168
681.00	0.0010804
682.00	0.00097498
683.00	0.00095959
684.00	0.00080800
685.00	0.00081080
686.00	0.00057572
687.00	0.00082433
688.00	0.00085231
689.00	0.0011518
690.00	0.00091248
691.00	0.00047077
692.00	0.00072264
693.00	0.0010268
694.00	0.00071705
695.00	0.00092228
696.00	0.00087890
697.00	0.00067833
698.00	0.00041293
699.00	0.00080427
700.00	0.00093207
