Wavelength (nm)	S01 abs e
360.00	46481
360.25	48121
360.50	48275
360.75	47999
361.00	47820
361.25	47701
361.50	48206
361.75	47489
362.00	47139
362.25	46967
362.50	46152
362.75	46356
363.00	46391
363.25	45877
363.50	45135
363.75	44815
364.00	44828
364.25	44655
364.50	43973
364.75	43068
365.00	42991
365.25	42241
365.50	41568
365.75	41400
366.00	41793
366.25	40902
366.50	40907
366.75	40008
367.00	40037
367.25	39317
367.50	38768
367.75	38161
368.00	37933
368.25	37058
368.50	37114
368.75	37030
369.00	36378
369.25	36089
369.50	36135
369.75	35243
370.00	34906
370.25	34580
370.50	34351
370.75	33065
371.00	33273
371.25	32574
371.50	32399
371.75	31955
372.00	31950
372.25	31317
372.50	31282
372.75	31521
373.00	30817
373.25	30599
373.50	30484
373.75	29702
374.00	30062
374.25	29469
374.50	28949
374.75	29029
375.00	28875
375.25	28551
375.50	28450
375.75	28044
376.00	27429
376.25	27166
376.50	26424
376.75	26413
377.00	25917
377.25	26209
377.50	25744
377.75	25849
378.00	25444
378.25	25725
378.50	25307
378.75	24793
379.00	24526
379.25	24179
379.50	24269
379.75	23915
380.00	23651
380.25	23339
380.50	23143
380.75	23211
381.00	22619
381.25	22786
381.50	22287
381.75	22191
382.00	22019
382.25	21864
382.50	21742
382.75	21517
383.00	21966
383.25	21376
383.50	21537
383.75	21136
384.00	20947
384.25	20724
384.50	20894
384.75	20726
385.00	20451
385.25	20275
385.50	20292
385.75	20081
386.00	19705
386.25	19708
386.50	19500
386.75	19491
387.00	19012
387.25	19115
387.50	18863
387.75	18721
388.00	18666
388.25	18887
388.50	18549
388.75	18136
389.00	18398
389.25	17865
389.50	17911
389.75	17803
390.00	17510
390.25	17985
390.50	17607
390.75	17902
391.00	17667
391.25	17372
391.50	17452
391.75	17176
392.00	17346
392.25	17113
392.50	17125
392.75	17123
393.00	16980
393.25	16977
393.50	16596
393.75	16776
394.00	16589
394.25	16238
394.50	16257
394.75	16307
395.00	15994
395.25	15979
395.50	15946
395.75	16057
396.00	15622
396.25	15940
396.50	15855
396.75	15739
397.00	15528
397.25	15621
397.50	15799
397.75	15605
398.00	15184
398.25	15380
398.50	15264
398.75	14990
399.00	15575
399.25	15260
399.50	15336
399.75	15109
400.00	15106
400.25	15030
400.50	14936
400.75	14658
401.00	14794
401.25	14733
401.50	14634
401.75	14656
402.00	14431
402.25	14593
402.50	14059
402.75	14039
403.00	13945
403.25	13781
403.50	13840
403.75	13928
404.00	13731
404.25	14183
404.50	13812
404.75	13730
405.00	13719
405.25	13588
405.50	13486
405.75	13525
406.00	13177
406.25	13362
406.50	13270
406.75	13538
407.00	13206
407.25	12890
407.50	13177
407.75	13009
408.00	13298
408.25	13114
408.50	13156
408.75	12923
409.00	13173
409.25	13027
409.50	12676
409.75	12788
410.00	12271
410.25	12774
410.50	12502
410.75	12327
411.00	12584
411.25	12272
411.50	12415
411.75	12308
412.00	12345
412.25	12158
412.50	12293
412.75	12350
413.00	12037
413.25	11928
413.50	11852
413.75	11908
414.00	11545
414.25	11589
414.50	11530
414.75	11684
415.00	11530
415.25	11648
415.50	11687
415.75	11525
416.00	11538
416.25	11495
416.50	11456
416.75	11188
417.00	11243
417.25	11142
417.50	11055
417.75	10935
418.00	10839
418.25	11034
418.50	10899
418.75	10688
419.00	10842
419.25	10681
419.50	10678
419.75	10562
420.00	10586
420.25	10481
420.50	10346
420.75	10197
421.00	10171
421.25	10139
421.50	10025
421.75	9826.9
422.00	9920.5
422.25	10009
422.50	9822.9
422.75	9659.6
423.00	9572.0
423.25	9598.9
423.50	9588.9
423.75	9566.0
424.00	9465.4
424.25	9298.1
424.50	9301.1
424.75	9401.7
425.00	9119.8
425.25	9131.8
425.50	9322.0
425.75	9197.5
426.00	9051.1
426.25	9081.0
426.50	8987.4
426.75	9052.1
427.00	8898.8
427.25	8842.0
427.50	8754.4
427.75	8642.8
428.00	8582.1
428.25	8277.3
428.50	8289.3
428.75	8504.4
429.00	8256.4
429.25	8038.3
429.50	7991.5
429.75	7958.7
430.00	7917.8
430.25	8090.1
430.50	7744.6
430.75	7728.6
431.00	7951.7
431.25	7829.2
431.50	7571.3
431.75	7523.5
432.00	7307.4
432.25	7430.9
432.50	7450.8
432.75	7473.7
433.00	7511.5
433.25	7409.9
433.50	7439.8
433.75	7303.4
434.00	7201.8
434.25	7131.1
434.50	7004.6
434.75	7157.0
435.00	6820.4
435.25	6669.0
435.50	6864.2
435.75	6693.9
436.00	6796.5
436.25	6692.9
436.50	6555.5
436.75	6478.8
437.00	6503.7
437.25	6392.2
437.50	6495.7
437.75	6292.6
438.00	6078.5
438.25	6173.1
438.50	6115.3
438.75	5965.9
439.00	5934.1
439.25	5905.2
439.50	5866.3
439.75	5780.7
440.00	5948.0
440.25	5934.1
440.50	5865.4
440.75	5568.6
441.00	5566.6
441.25	5470.0
441.50	5428.2
441.75	5485.9
442.00	5520.8
442.25	5425.2
442.50	5509.8
442.75	5266.8
443.00	5290.7
443.25	5263.8
443.50	4958.1
443.75	4941.2
444.00	5159.3
444.25	5088.6
444.50	5009.9
444.75	4898.4
445.00	4720.1
445.25	4903.3
445.50	4778.9
445.75	4782.8
446.00	4697.2
446.25	4632.5
446.50	4693.2
446.75	4553.8
447.00	4461.2
447.25	4338.7
447.50	4648.4
447.75	4299.9
448.00	4496.0
448.25	4528.9
448.50	4322.8
448.75	4431.3
449.00	4124.6
449.25	4358.6
449.50	4258.0
449.75	4219.2
450.00	4086.7
450.25	4098.7
450.50	4152.5
450.75	4022.0
451.00	4017.0
451.25	4122.6
451.50	3953.3
451.75	3894.5
452.00	3897.5
452.25	3830.8
452.50	3882.6
452.75	3895.5
453.00	3881.6
453.25	3888.6
453.50	3667.5
453.75	3585.8
454.00	3429.5
454.25	3557.9
454.50	3441.4
454.75	3502.2
455.00	3458.3
455.25	3386.6
455.50	3596.8
455.75	3435.4
456.00	3310.0
456.25	3496.2
456.50	3383.7
456.75	3312.9
457.00	3310.0
457.25	3261.2
457.50	3262.2
457.75	3332.9
458.00	3280.1
458.25	3182.5
458.50	3193.4
458.75	3048.0
459.00	3011.2
459.25	2927.5
459.50	2823.0
459.75	2909.6
460.00	2838.9
460.25	2786.1
460.50	2813.0
460.75	2787.1
461.00	2893.7
461.25	2816.0
461.50	2734.3
461.75	2631.8
462.00	2708.5
462.25	2732.4
462.50	2706.5
462.75	2786.1
463.00	2462.5
463.25	2414.7
463.50	2570.0
463.75	2508.3
464.00	2373.8
464.25	2374.8
464.50	2430.6
464.75	2396.8
465.00	2241.4
465.25	2365.9
465.50	2320.1
465.75	2147.8
466.00	2275.3
466.25	2182.6
466.50	2117.9
466.75	2270.3
467.00	2179.7
467.25	2330.0
467.50	2219.5
467.75	2083.1
468.00	2159.7
468.25	1905.8
468.50	2236.4
468.75	2139.8
469.00	2099.0
469.25	2022.3
469.50	2182.6
469.75	2030.3
470.00	1941.6
470.25	1849.0
470.50	1947.6
470.75	2005.4
471.00	1933.7
471.25	1787.3
471.50	1660.8
471.75	1660.8
472.00	1596.1
472.25	1542.3
472.50	1673.8
472.75	1522.4
473.00	1547.3
473.25	1633.9
473.50	1704.6
473.75	1617.0
474.00	1609.0
474.25	1646.9
474.50	1601.1
474.75	1635.9
475.00	1455.7
475.25	1598.1
475.50	1330.2
475.75	1275.4
476.00	1347.1
476.25	1334.2
476.50	1396.9
476.75	1365.0
477.00	1427.8
477.25	1400.9
477.50	1333.2
477.75	1554.2
478.00	1490.5
478.25	1437.7
478.50	1447.7
478.75	1505.5
479.00	1362.0
479.25	1401.9
479.50	1355.1
479.75	1222.6
480.00	1215.7
480.25	1183.8
480.50	1353.1
480.75	1193.7
481.00	1375.0
481.25	1295.3
481.50	1022.5
481.75	1112.1
482.00	909.92
482.25	1235.6
482.50	1167.9
482.75	1247.5
483.00	1362.0
483.25	1261.5
483.50	1301.3
483.75	1079.2
484.00	1248.5
484.25	1137.0
484.50	1144.9
484.75	950.75
485.00	944.78
485.25	965.69
485.50	1069.3
485.75	911.91
486.00	984.61
486.25	1029.4
486.50	850.17
486.75	802.37
487.00	969.67
487.25	885.03
487.50	1195.7
487.75	819.30
488.00	1072.2
488.25	948.76
488.50	899.96
488.75	765.52
489.00	810.34
489.25	817.31
489.50	836.23
489.75	920.88
490.00	894.98
490.25	726.68
490.50	959.72
490.75	919.88
491.00	1023.5
491.25	734.65
491.50	832.25
491.75	761.54
492.00	742.62
492.25	789.42
492.50	872.08
492.75	915.90
493.00	945.77
493.25	958.72
493.50	890.01
493.75	812.33
494.00	817.31
494.25	933.82
494.50	867.10
494.75	617.14
495.00	742.62
495.25	783.45
495.50	872.08
495.75	701.79
496.00	791.41
496.25	819.30
496.50	662.95
496.75	886.02
497.00	955.73
497.25	948.76
497.50	890.01
497.75	556.39
498.00	437.88
498.25	598.22
498.50	739.63
498.75	588.26
499.00	519.54
499.25	672.91
499.50	612.16
499.75	658.96
500.00	734.65
500.25	649.45
500.50	716.63
500.75	615.50
501.00	700.59
501.25	887.27
501.50	796.10
501.75	937.96
502.00	1075.8
502.25	656.03
502.50	807.85
502.75	893.94
503.00	651.40
503.25	929.69
503.50	779.76
503.75	747.35
504.00	470.95
504.25	708.41
504.50	671.01
504.75	549.97
505.00	824.28
505.25	742.07
505.50	961.61
505.75	850.52
506.00	689.64
506.25	856.39
506.50	698.50
506.75	680.03
507.00	805.95
507.25	808.39
507.50	802.87
507.75	512.52
508.00	671.31
508.25	735.50
508.50	988.89
508.75	690.58
509.00	952.94
509.25	933.48
509.50	1035.5
509.75	854.70
510.00	910.92
510.25	1075.7
510.50	897.87
510.75	1032.8
511.00	918.69
511.25	926.11
511.50	1022.2
511.75	944.93
512.00	722.30
512.25	823.33
512.50	887.52
512.75	1159.8
513.00	1164.3
513.25	1170.7
513.50	1252.8
513.75	1155.7
514.00	1004.7
514.25	1213.3
514.50	916.99
514.75	1032.0
515.00	1044.4
515.25	959.17
515.50	1054.2
515.75	1064.6
516.00	1186.6
516.25	1074.5
516.50	1181.5
516.75	1044.5
517.00	1039.0
517.25	1406.9
517.50	1295.8
517.75	1465.6
518.00	1153.3
518.25	1393.8
518.50	1283.7
518.75	1523.1
519.00	1381.2
519.25	1212.3
519.50	1347.2
519.75	1203.3
520.00	1414.8
520.25	1205.1
520.50	1590.0
520.75	1550.6
521.00	1648.7
521.25	1310.5
521.50	1448.4
521.75	1589.3
522.00	1428.4
522.25	1455.7
522.50	1448.2
522.75	1549.2
523.00	1609.4
523.25	1562.1
523.50	1542.6
523.75	1572.9
524.00	1301.5
524.25	1541.9
524.50	1439.8
524.75	1453.2
525.00	1398.9
525.25	1519.8
525.50	1539.2
525.75	1395.3
526.00	1698.4
526.25	1727.8
526.50	1617.7
526.75	1686.8
527.00	1920.3
527.25	1719.6
527.50	1808.7
527.75	1709.6
528.00	1755.8
528.25	1856.8
528.50	1650.2
528.75	1696.4
529.00	1570.4
529.25	1953.2
529.50	1628.0
529.75	1790.8
530.00	1876.9
530.25	2014.8
530.50	2243.3
530.75	1830.5
531.00	2028.1
531.25	1971.8
531.50	2049.9
531.75	1936.8
532.00	2020.9
532.25	1946.7
532.50	1802.7
532.75	1960.5
533.00	1568.6
533.25	1920.6
533.50	1837.4
533.75	2131.6
534.00	2087.2
534.25	1929.3
534.50	1802.3
534.75	1781.9
535.00	1955.6
535.25	2178.1
535.50	1942.5
535.75	2145.1
536.00	2180.4
536.25	2309.4
536.50	1861.7
536.75	2280.4
537.00	2110.5
537.25	2282.3
537.50	2190.1
537.75	2116.9
538.00	2287.6
538.25	2251.2
538.50	2091.3
538.75	1993.2
539.00	2386.0
539.25	2461.1
539.50	2164.8
539.75	2455.1
540.00	2472.4
540.25	2537.6
540.50	2176.6
540.75	2103.3
541.00	2114.7
541.25	2261.6
541.50	2316.8
541.75	2372.0
542.00	2482.0
542.25	2647.8
542.50	2732.9
542.75	2594.9
543.00	2568.4
543.25	2482.2
543.50	2730.7
543.75	2616.6
544.00	2743.5
544.25	2830.6
544.50	2714.5
544.75	3006.8
545.00	2815.0
545.25	2991.7
545.50	3079.8
545.75	3201.8
546.00	3194.2
546.25	3121.0
546.50	3308.7
546.75	3401.7
547.00	3369.3
547.25	3457.4
547.50	3122.2
547.75	3440.4
548.00	3515.5
548.25	3440.3
548.50	3674.7
548.75	3628.4
549.00	3905.7
549.25	3727.9
549.50	3729.3
549.75	3906.0
550.00	3852.7
550.25	3910.9
550.50	4081.7
550.75	3973.6
551.00	3893.3
551.25	3912.7
551.50	4174.1
551.75	4097.8
552.00	4005.7
552.25	4085.8
552.50	4246.6
552.75	4345.6
553.00	4501.4
553.25	4592.5
553.50	4458.5
553.75	4321.5
554.00	4506.2
554.25	4458.8
554.50	4293.0
554.75	4483.6
555.00	4276.9
555.25	4351.1
555.50	4360.5
555.75	4437.6
556.00	4521.7
556.25	4440.5
556.50	4221.9
556.75	4225.3
557.00	4325.3
557.25	4215.3
557.50	4477.6
557.75	4702.1
558.00	4767.3
558.25	4589.5
558.50	4635.8
558.75	4289.6
559.00	4419.6
559.25	4438.9
559.50	4476.2
559.75	4347.2
560.00	4555.8
560.25	4728.5
560.50	4644.3
560.75	4524.3
561.00	4644.2
561.25	4562.0
561.50	4766.6
561.75	4811.9
562.00	5002.5
562.25	4881.5
562.50	4971.6
562.75	4701.1
563.00	4601.0
563.25	4527.8
563.50	4578.0
563.75	4774.6
564.00	4813.9
564.25	4907.0
564.50	4908.4
564.75	4985.6
565.00	4933.2
565.25	4926.7
565.50	4981.9
565.75	4978.4
566.00	5079.4
566.25	5222.3
566.50	5314.3
566.75	5356.6
567.00	5751.4
567.25	5277.8
567.50	5452.6
567.75	5315.6
568.00	5065.1
568.25	5348.3
568.50	5222.3
568.75	5495.6
569.00	5684.3
569.25	5836.1
569.50	5789.8
569.75	6141.8
570.00	5816.6
570.25	6141.7
570.50	6327.3
570.75	6259.1
571.00	6479.6
571.25	6577.6
571.50	6696.6
571.75	6609.4
572.00	6837.9
572.25	6680.0
572.50	6920.5
572.75	6860.2
573.00	6890.5
573.25	7034.3
573.50	6945.2
573.75	7187.6
574.00	7236.9
574.25	7177.6
574.50	7408.0
574.75	7470.2
575.00	7664.9
575.25	7478.1
575.50	7600.1
575.75	7602.5
576.00	7805.1
576.25	7638.2
576.50	7760.2
576.75	7983.7
577.00	7908.5
577.25	8145.9
577.50	8034.8
577.75	8193.6
578.00	8226.9
578.25	8315.0
578.50	8183.0
578.75	8049.0
579.00	8209.8
579.25	8205.3
579.50	8316.3
579.75	8272.9
580.00	8436.7
580.25	8373.4
580.50	8349.9
580.75	8520.7
581.00	8427.5
581.25	8398.1
581.50	8437.4
581.75	8382.1
582.00	8489.1
582.25	8559.2
582.50	8664.2
582.75	8697.5
583.00	8996.8
583.25	8996.2
583.50	9035.5
583.75	9257.0
584.00	9114.1
584.25	9247.0
584.50	9150.8
584.75	9546.6
585.00	9550.1
585.25	9589.3
585.50	9767.1
585.75	9833.2
586.00	9945.2
586.25	10108
586.50	10322
586.75	10685
587.00	10972
587.25	10841
587.50	11084
587.75	11159
588.00	11345
588.25	11812
588.50	11962
588.75	12453
589.00	12782
589.25	13117
589.50	13147
589.75	13261
590.00	13636
590.25	14057
590.50	14280
590.75	14428
591.00	14917
591.25	15408
591.50	15715
591.75	16181
592.00	16707
592.25	17084
592.50	17397
592.75	17991
593.00	18125
593.25	18752
593.50	19325
593.75	19867
594.00	20423
594.25	20973
594.50	21662
594.75	22235
595.00	22659
595.25	23355
595.50	23920
595.75	24366
596.00	24782
596.25	25140
596.50	25312
596.75	25801
597.00	26180
597.25	26416
597.50	26766
597.75	27266
598.00	27495
598.25	27611
598.50	27824
598.75	28046
599.00	28094
599.25	28325
599.50	28381
599.75	28281
600.00	28674
600.25	28823
600.50	28911
600.75	28929
601.00	28973
601.25	28917
601.50	28675
601.75	28810
602.00	28499
602.25	28929
602.50	28680
602.75	28778
603.00	28717
603.25	28590
603.50	28510
603.75	28286
604.00	28040
604.25	27988
604.50	28039
604.75	27826
605.00	27719
605.25	27859
605.50	27567
605.75	27620
606.00	27393
606.25	27509
606.50	27011
606.75	27037
607.00	26755
607.25	26432
607.50	26570
607.75	26299
608.00	26278
608.25	25776
608.50	25689
608.75	25508
609.00	25308
609.25	25014
609.50	24936
609.75	25186
610.00	24733
610.25	24724
610.50	24273
610.75	24278
611.00	24104
611.25	23996
611.50	23872
611.75	23625
612.00	23750
612.25	23431
612.50	23487
612.75	23263
613.00	23034
613.25	23180
613.50	22954
613.75	23057
614.00	22871
614.25	23153
614.50	22947
614.75	22886
615.00	22915
615.25	22742
615.50	22671
615.75	22566
616.00	22591
616.25	22340
616.50	22413
616.75	22524
617.00	22266
617.25	22252
617.50	22093
617.75	21976
618.00	21999
618.25	21957
618.50	21845
618.75	21700
619.00	21823
619.25	21433
619.50	21739
619.75	21569
620.00	21582
620.25	21535
620.50	21384
620.75	21462
621.00	21302
621.25	21438
621.50	21509
621.75	21607
622.00	21875
622.25	21989
622.50	22062
622.75	22106
623.00	22262
623.25	22635
623.50	22705
623.75	23156
624.00	23643
624.25	23789
624.50	24188
624.75	24544
625.00	24868
625.25	25425
625.50	26014
625.75	26756
626.00	27222
626.25	27672
626.50	28314
626.75	29019
627.00	29399
627.25	30087
627.50	30814
627.75	31569
628.00	32298
628.25	32759
628.50	33554
628.75	34136
629.00	35045
629.25	35393
629.50	36038
629.75	36630
630.00	37224
630.25	37888
630.50	38215
630.75	38709
631.00	39214
631.25	39627
631.50	39869
631.75	40241
632.00	40682
632.25	41054
632.50	41363
632.75	41397
633.00	41820
633.25	41799
633.50	42201
633.75	42270
634.00	42317
634.25	42657
634.50	42523
634.75	42557
635.00	42485
635.25	42711
635.50	42339
635.75	42390
636.00	42316
636.25	42233
636.50	42481
636.75	42050
637.00	42266
637.25	41977
637.50	42411
637.75	42133
638.00	42185
638.25	42111
638.50	41906
638.75	42123
639.00	41896
639.25	41823
639.50	41888
639.75	41816
640.00	41964
640.25	41714
640.50	41969
640.75	41787
641.00	42080
641.25	41836
641.50	41837
641.75	41931
642.00	41992
642.25	42152
642.50	41929
642.75	42219
643.00	42144
643.25	42241
643.50	42309
643.75	42298
644.00	42471
644.25	42547
644.50	42517
644.75	42406
645.00	42328
645.25	42387
645.50	42372
645.75	42271
646.00	42400
646.25	42360
646.50	42242
646.75	42125
647.00	42056
647.25	41879
647.50	41595
647.75	41515
648.00	41159
648.25	41228
648.50	41112
648.75	41087
649.00	40784
649.25	40764
649.50	40998
649.75	41223
650.00	41277
650.25	41368
650.50	41522
650.75	41942
651.00	42057
651.25	42202
651.50	42730
651.75	43342
652.00	43697
652.25	44461
652.50	45063
652.75	45997
653.00	46966
653.25	48037
653.50	49075
653.75	49551
654.00	50788
654.25	51814
654.50	53263
654.75	55025
655.00	56672
655.25	58704
655.50	60745
655.75	63012
656.00	65343
656.25	67832
656.50	70498
656.75	73514
657.00	76201
657.25	79156
657.50	82321
657.75	85231
658.00	88613
658.25	92211
658.50	95636
658.75	99066
659.00	1.0252e+05
659.25	1.0603e+05
659.50	1.0927e+05
659.75	1.1269e+05
660.00	1.1593e+05
660.25	1.1903e+05
660.50	1.2224e+05
660.75	1.2485e+05
661.00	1.2768e+05
661.25	1.3019e+05
661.50	1.3245e+05
661.75	1.3448e+05
662.00	1.3590e+05
662.25	1.3762e+05
662.50	1.3901e+05
662.75	1.3956e+05
663.00	1.4056e+05
663.25	1.4076e+05
663.50	1.4085e+05
663.75	1.4081e+05
664.00	1.4066e+05
664.25	1.4004e+05
664.50	1.3892e+05
664.75	1.3793e+05
665.00	1.3640e+05
665.25	1.3552e+05
665.50	1.3369e+05
665.75	1.3169e+05
666.00	1.2988e+05
666.25	1.2797e+05
666.50	1.2594e+05
666.75	1.2303e+05
667.00	1.2069e+05
667.25	1.1876e+05
667.50	1.1610e+05
667.75	1.1354e+05
668.00	1.1149e+05
668.25	1.0901e+05
668.50	1.0637e+05
668.75	1.0414e+05
669.00	1.0159e+05
669.25	99372
669.50	96922
669.75	94660
670.00	92300
670.25	90033
670.50	88126
670.75	86249
671.00	83776
671.25	81740
671.50	79533
671.75	77670
672.00	75693
672.25	73834
672.50	72239
672.75	70367
673.00	68699
673.25	67120
673.50	65642
673.75	63912
674.00	62534
674.25	60718
674.50	58704
674.75	56545
675.00	54622
675.25	53049
675.50	51522
675.75	49898
676.00	48938
676.25	47372
676.50	46214
676.75	44976
677.00	43725
677.25	42860
677.50	41633
677.75	40744
678.00	39475
678.25	38808
678.50	37935
678.75	37030
679.00	36284
679.25	35608
679.50	35247
679.75	34403
680.00	34009
680.25	33333
680.50	32994
680.75	32698
681.00	32148
681.25	32083
681.50	31657
681.75	31723
682.00	31591
682.25	31727
682.50	31689
682.75	31858
683.00	32046
683.25	32326
683.50	32713
683.75	33069
684.00	33737
684.25	34130
684.50	34851
684.75	35594
685.00	36450
685.25	37462
685.50	38470
685.75	39710
686.00	40878
686.25	42327
686.50	43816
686.75	45302
687.00	47085
687.25	48848
687.50	50720
687.75	52561
688.00	54589
688.25	56864
688.50	59306
688.75	61935
689.00	64354
689.25	67054
689.50	69894
689.75	72685
690.00	75503
690.25	78651
690.50	81827
690.75	85047
691.00	88078
691.25	91734
691.50	95160
691.75	98369
692.00	1.0199e+05
692.25	1.0533e+05
692.50	1.0907e+05
692.75	1.1237e+05
693.00	1.1583e+05
693.25	1.1917e+05
693.50	1.2161e+05
693.75	1.2400e+05
694.00	1.2592e+05
694.25	1.2861e+05
694.50	1.3135e+05
694.75	1.3462e+05
695.00	1.3733e+05
695.25	1.4001e+05
695.50	1.4288e+05
695.75	1.4569e+05
696.00	1.4840e+05
696.25	1.5063e+05
696.50	1.5239e+05
696.75	1.5430e+05
697.00	1.5557e+05
697.25	1.5706e+05
697.50	1.5827e+05
697.75	1.5971e+05
698.00	1.6081e+05
698.25	1.6109e+05
698.50	1.6201e+05
698.75	1.6144e+05
699.00	1.6146e+05
699.25	1.6125e+05
699.50	1.6098e+05
699.75	1.5941e+05
700.00	1.5898e+05
700.25	1.5731e+05
700.50	1.5578e+05
700.75	1.5409e+05
701.00	1.5199e+05
701.25	1.4997e+05
701.50	1.4759e+05
701.75	1.4509e+05
702.00	1.4262e+05
702.25	1.3981e+05
702.50	1.3726e+05
702.75	1.3390e+05
703.00	1.3085e+05
703.25	1.2773e+05
703.50	1.2450e+05
703.75	1.2097e+05
704.00	1.1739e+05
704.25	1.1447e+05
704.50	1.1121e+05
704.75	1.0780e+05
705.00	1.0451e+05
705.25	1.0076e+05
705.50	97545
705.75	94046
706.00	90691
706.25	87260
706.50	84059
706.75	80890
707.00	77699
707.25	74944
707.50	71944
707.75	69022
708.00	66472
708.25	63424
708.50	60522
708.75	58167
709.00	55378
709.25	53074
709.50	50654
709.75	48707
710.00	46355
710.25	44101
710.50	42222
710.75	40208
711.00	37945
711.25	36132
711.50	34550
711.75	32647
712.00	31195
712.25	29430
712.50	28202
712.75	26614
713.00	25318
713.25	24097
713.50	23063
713.75	22091
714.00	20870
714.25	19898
714.50	18683
714.75	17702
715.00	16268
715.25	15239
715.50	14374
715.75	13618
716.00	13076
716.25	12259
716.50	11622
716.75	11064
717.00	10629
717.25	10041
717.50	9695.8
717.75	9219.7
718.00	8745.7
718.25	8467.8
718.50	7867.3
718.75	7793.6
719.00	7313.6
719.25	7128.4
719.50	6853.5
719.75	6267.0
720.00	6042.9
720.25	5952.3
720.50	5545.0
720.75	5393.6
721.00	5059.0
721.25	4948.5
721.50	4646.7
721.75	4316.1
722.00	4303.1
722.25	4017.3
722.50	3997.4
722.75	4053.2
723.00	3952.6
723.25	3676.7
723.50	3747.4
723.75	3581.1
724.00	3454.7
724.25	3296.3
724.50	3047.4
724.75	2866.1
725.00	2854.2
725.25	2690.8
725.50	2658.0
725.75	2576.3
726.00	2451.8
726.25	2314.4
726.50	2314.4
726.75	2379.1
727.00	2443.9
727.25	2413.0
727.50	2444.9
727.75	2060.4
728.00	1954.9
728.25	2009.7
728.50	2086.3
728.75	1868.2
729.00	1766.7
729.25	2052.5
729.50	1994.7
729.75	1963.8
730.00	1849.3
730.25	2048.5
730.50	1801.5
730.75	1805.5
731.00	1649.2
731.25	1751.7
731.50	1740.8
731.75	1696.0
732.00	1700.9
732.25	1643.2
732.50	1699.9
732.75	1724.8
733.00	1532.6
733.25	1423.1
733.50	1583.4
733.75	1495.8
734.00	1399.2
734.25	1412.1
734.50	1469.9
734.75	1564.5
735.00	1528.7
735.25	1449.0
735.50	1351.4
735.75	1265.7
736.00	1315.5
736.25	1182.1
736.50	1310.6
736.75	1338.4
737.00	1425.1
737.25	1296.6
737.50	1277.7
737.75	1366.3
738.00	1215.0
738.25	1314.5
738.50	1280.7
738.75	1109.4
739.00	1427.1
739.25	1246.8
739.50	1275.7
739.75	1225.9
740.00	1330.5
740.25	1148.2
740.50	1216.9
740.75	1129.3
741.00	1117.4
741.25	1055.6
741.50	1171.1
741.75	1035.7
742.00	955.04
742.25	1010.8
742.50	720.01
742.75	713.04
743.00	503.91
743.25	727.98
743.50	989.89
743.75	996.86
744.00	862.42
744.25	796.69
744.50	862.42
744.75	810.63
745.00	666.23
745.25	926.16
745.50	628.39
745.75	730.97
746.00	579.59
746.25	757.85
746.50	710.05
746.75	727.98
747.00	530.80
747.25	588.56
747.50	602.50
747.75	561.67
748.00	652.29
748.25	704.08
748.50	722.00
748.75	741.92
749.00	792.71
749.25	523.83
749.50	372.45
749.75	282.83
750.00	432.21
750.25	351.54
750.50	427.23
750.75	495.94
751.00	466.07
751.25	685.16
751.50	580.59
751.75	608.47
752.00	469.05
752.25	511.88
752.50	554.70
752.75	334.61
753.00	463.08
753.25	413.28
753.50	657.27
753.75	590.55
754.00	723.00
754.25	559.68
754.50	565.65
754.75	480.01
755.00	497.93
755.25	638.35
755.50	292.78
755.75	473.04
756.00	462.08
756.25	543.74
756.50	548.72
756.75	401.33
757.00	550.71
757.25	385.40
757.50	526.81
757.75	596.52
758.00	655.28
758.25	457.10
758.50	415.28
758.75	516.85
759.00	336.60
759.25	522.83
759.50	572.62
759.75	517.85
760.00	394.36
760.25	433.20
760.50	643.33
760.75	348.55
761.00	440.17
761.25	412.29
761.50	587.56
761.75	395.36
762.00	667.23
762.25	431.21
762.50	538.76
762.75	544.74
763.00	464.07
763.25	730.97
763.50	557.68
763.75	459.09
764.00	352.54
764.25	428.22
764.50	486.98
764.75	442.16
765.00	760.84
765.25	440.17
765.50	446.15
765.75	359.51
766.00	507.89
766.25	542.75
766.50	453.12
766.75	403.33
767.00	317.68
767.25	229.05
767.50	286.81
767.75	291.79
768.00	157.35
768.25	328.64
768.50	371.46
768.75	285.81
769.00	555.69
769.25	443.16
769.50	628.39
769.75	434.20
770.00	621.42
770.25	433.20
770.50	303.74
770.75	601.50
771.00	385.40
771.25	395.36
771.50	426.23
771.75	430.21
772.00	439.18
772.25	290.79
772.50	394.36
772.75	250.96
773.00	167.31
773.25	321.66
773.50	533.78
773.75	533.78
774.00	579.59
774.25	548.72
774.50	384.40
774.75	413.28
775.00	272.87
775.25	448.14
775.50	625.40
775.75	487.97
776.00	604.49
776.25	325.65
776.50	322.66
776.75	353.53
777.00	233.03
777.25	423.24
777.50	206.14
777.75	376.44
778.00	288.80
778.25	281.83
778.50	451.13
778.75	419.26
779.00	535.78
779.25	464.07
779.50	648.31
779.75	449.14
780.00	646.32
780.25	503.91
780.50	609.47
780.75	428.22
781.00	454.11
781.25	383.41
781.50	227.06
781.75	482.99
782.00	280.83
782.25	468.06
782.50	244.98
782.75	292.78
783.00	324.65
783.25	335.61
783.50	245.98
783.75	268.88
784.00	335.61
784.25	374.45
784.50	365.48
784.75	497.93
785.00	288.80
785.25	340.59
785.50	358.51
785.75	294.78
786.00	171.29
786.25	360.50
786.50	417.27
786.75	316.69
787.00	276.85
787.25	496.94
787.50	348.55
787.75	517.85
788.00	439.18
788.25	534.78
788.50	544.74
788.75	567.64
789.00	561.67
789.25	362.50
789.50	315.69
789.75	265.90
790.00	426.23
790.25	336.60
790.50	358.51
790.75	356.52
791.00	421.25
791.25	485.98
791.50	470.05
791.75	449.14
792.00	556.69
792.25	644.33
792.50	367.47
792.75	379.42
793.00	391.38
793.25	378.43
793.50	449.14
793.75	301.75
794.00	520.84
794.25	257.93
794.50	503.91
794.75	266.89
795.00	321.66
795.25	477.02
795.50	216.10
795.75	412.29
796.00	370.46
796.25	465.07
796.50	484.99
796.75	536.77
797.00	685.16
797.25	681.17
797.50	602.50
797.75	544.74
798.00	568.64
798.25	494.95
798.50	591.54
798.75	447.14
799.00	394.36
799.25	457.10
799.50	583.58
799.75	665.24
800.00	551.71
