Wavelength (nm)	FbC-A13 (SE353)
300.00	0.096898
301.00	0.099706
302.00	0.10267
303.00	0.10596
304.00	0.10889
305.00	0.11165
306.00	0.11381
307.00	0.11530
308.00	0.11700
309.00	0.11860
310.00	0.12042
311.00	0.12188
312.00	0.12356
313.00	0.12523
314.00	0.12719
315.00	0.12960
316.00	0.13231
317.00	0.13553
318.00	0.13874
319.00	0.14182
320.00	0.14464
321.00	0.14701
322.00	0.14875
323.00	0.14981
324.00	0.15029
325.00	0.15044
326.00	0.15060
327.00	0.15079
328.00	0.15137
329.00	0.15238
330.00	0.15367
331.00	0.15553
332.00	0.15763
333.00	0.16019
334.00	0.16316
335.00	0.16615
336.00	0.16946
337.00	0.17289
338.00	0.17668
339.00	0.18043
340.00	0.18395
341.00	0.18739
342.00	0.19060
343.00	0.19331
344.00	0.19599
345.00	0.19888
346.00	0.20218
347.00	0.20623
348.00	0.21092
349.00	0.21668
350.00	0.22353
351.00	0.23169
352.00	0.24115
353.00	0.25165
354.00	0.26289
355.00	0.27471
356.00	0.28628
357.00	0.29696
358.00	0.30572
359.00	0.31358
360.00	0.31972
361.00	0.32450
362.00	0.32811
363.00	0.33033
364.00	0.33144
365.00	0.33242
366.00	0.33292
367.00	0.33360
368.00	0.33457
369.00	0.33587
370.00	0.33749
371.00	0.33965
372.00	0.34219
373.00	0.34580
374.00	0.34973
375.00	0.35497
376.00	0.36119
377.00	0.36894
378.00	0.37857
379.00	0.39026
380.00	0.40240
381.00	0.41775
382.00	0.43587
383.00	0.45670
384.00	0.48015
385.00	0.50561
386.00	0.53254
387.00	0.56253
388.00	0.59366
389.00	0.62404
390.00	0.65262
391.00	0.68190
392.00	0.71209
393.00	0.73928
394.00	0.76161
395.00	0.78253
396.00	0.80523
397.00	0.83097
398.00	0.86057
399.00	0.88807
400.00	0.91357
401.00	0.93928
402.00	0.96343
403.00	0.98195
404.00	0.99366
405.00	1.0000
406.00	0.99745
407.00	0.98514
408.00	0.96675
409.00	0.94375
410.00	0.91831
411.00	0.89009
412.00	0.85956
413.00	0.82473
414.00	0.78151
415.00	0.72760
416.00	0.66588
417.00	0.59618
418.00	0.52170
419.00	0.44762
420.00	0.37641
421.00	0.31052
422.00	0.25427
423.00	0.20711
424.00	0.16471
425.00	0.13084
426.00	0.10436
427.00	0.083505
428.00	0.068564
429.00	0.056959
430.00	0.048223
431.00	0.042312
432.00	0.037043
433.00	0.032398
434.00	0.028146
435.00	0.026024
436.00	0.025494
437.00	0.025126
438.00	0.024424
439.00	0.023827
440.00	0.023452
441.00	0.022625
442.00	0.021283
443.00	0.022456
444.00	0.022370
445.00	0.022529
446.00	0.023380
447.00	0.023302
448.00	0.023469
449.00	0.023630
450.00	0.023629
451.00	0.023790
452.00	0.024300
453.00	0.024500
454.00	0.024807
455.00	0.024906
456.00	0.024589
457.00	0.025902
458.00	0.026078
459.00	0.026726
460.00	0.027441
461.00	0.027871
462.00	0.028690
463.00	0.028954
464.00	0.029910
465.00	0.029867
466.00	0.030383
467.00	0.030932
468.00	0.031993
469.00	0.031830
470.00	0.031497
471.00	0.031604
472.00	0.031964
473.00	0.032867
474.00	0.033210
475.00	0.033133
476.00	0.033548
477.00	0.033707
478.00	0.032860
479.00	0.033567
480.00	0.034099
481.00	0.035436
482.00	0.036709
483.00	0.039301
484.00	0.041880
485.00	0.044078
486.00	0.045563
487.00	0.048069
488.00	0.054726
489.00	0.061196
490.00	0.066277
491.00	0.070698
492.00	0.074381
493.00	0.077490
494.00	0.079325
495.00	0.080141
496.00	0.081332
497.00	0.081945
498.00	0.082781
499.00	0.084690
500.00	0.086458
501.00	0.089535
502.00	0.091803
503.00	0.092483
504.00	0.091638
505.00	0.089179
506.00	0.084247
507.00	0.079313
508.00	0.073501
509.00	0.067552
510.00	0.061903
511.00	0.057002
512.00	0.051954
513.00	0.047423
514.00	0.043241
515.00	0.039654
516.00	0.036888
517.00	0.034560
518.00	0.033163
519.00	0.032305
520.00	0.031868
521.00	0.032039
522.00	0.032602
523.00	0.033667
524.00	0.035726
525.00	0.038235
526.00	0.041330
527.00	0.044604
528.00	0.048029
529.00	0.050845
530.00	0.052798
531.00	0.053391
532.00	0.052355
533.00	0.050287
534.00	0.046800
535.00	0.042722
536.00	0.038350
537.00	0.034260
538.00	0.031025
539.00	0.027978
540.00	0.025741
541.00	0.023946
542.00	0.022585
543.00	0.021619
544.00	0.020942
545.00	0.020835
546.00	0.020804
547.00	0.021313
548.00	0.021879
549.00	0.021836
550.00	0.021791
551.00	0.021855
552.00	0.021850
553.00	0.021390
554.00	0.020696
555.00	0.020303
556.00	0.019803
557.00	0.018880
558.00	0.018061
559.00	0.017391
560.00	0.017009
561.00	0.016327
562.00	0.015694
563.00	0.015170
564.00	0.014799
565.00	0.014158
566.00	0.013427
567.00	0.012929
568.00	0.013019
569.00	0.012390
570.00	0.011390
571.00	0.012671
572.00	0.013748
573.00	0.013217
574.00	0.013848
575.00	0.015254
576.00	0.013580
577.00	0.011808
578.00	0.014838
579.00	0.014854
580.00	0.014277
581.00	0.014727
582.00	0.014147
583.00	0.012836
584.00	0.015083
585.00	0.018079
586.00	0.016918
587.00	0.017624
588.00	0.019825
589.00	0.022032
590.00	0.024509
591.00	0.027469
592.00	0.031336
593.00	0.034752
594.00	0.035969
595.00	0.037651
596.00	0.039263
597.00	0.041393
598.00	0.043299
599.00	0.045015
600.00	0.046047
601.00	0.046308
602.00	0.046703
603.00	0.046259
604.00	0.046371
605.00	0.044745
606.00	0.043363
607.00	0.040882
608.00	0.038220
609.00	0.035543
610.00	0.034215
611.00	0.033128
612.00	0.032128
613.00	0.031891
614.00	0.032262
615.00	0.032738
616.00	0.032753
617.00	0.032515
618.00	0.032613
619.00	0.033584
620.00	0.034412
621.00	0.034939
622.00	0.036146
623.00	0.037335
624.00	0.038191
625.00	0.038312
626.00	0.037693
627.00	0.036148
628.00	0.034631
629.00	0.033351
630.00	0.031626
631.00	0.030267
632.00	0.029918
633.00	0.031303
634.00	0.033852
635.00	0.037300
636.00	0.042288
637.00	0.048407
638.00	0.055827
639.00	0.063660
640.00	0.072561
641.00	0.083176
642.00	0.093943
643.00	0.10662
644.00	0.12291
645.00	0.14436
646.00	0.17276
647.00	0.20979
648.00	0.25611
649.00	0.31206
650.00	0.37340
651.00	0.43605
652.00	0.49145
653.00	0.53154
654.00	0.55242
655.00	0.53800
656.00	0.51269
657.00	0.48797
658.00	0.41921
659.00	0.35118
660.00	0.28830
661.00	0.23088
662.00	0.18127
663.00	0.14064
664.00	0.10850
665.00	0.083516
666.00	0.064113
667.00	0.049681
668.00	0.038910
669.00	0.030969
670.00	0.024858
671.00	0.020379
672.00	0.017102
673.00	0.014107
674.00	0.011797
675.00	0.010124
676.00	0.0088543
677.00	0.0077559
678.00	0.0068645
679.00	0.0061396
680.00	0.0055840
681.00	0.0048380
682.00	0.0045022
683.00	0.0039034
684.00	0.0036403
685.00	0.0040036
686.00	0.0039172
687.00	0.0033827
688.00	0.0030672
689.00	0.0027213
690.00	0.0025465
691.00	0.0025161
692.00	0.0025364
693.00	0.0022365
694.00	0.0019173
695.00	0.0017259
696.00	0.0017526
697.00	0.0020212
698.00	0.0023027
699.00	0.0019256
700.00	0.0019366
701.00	0.0020442
702.00	0.0023312
703.00	0.0029034
704.00	0.0029365
705.00	0.0033330
706.00	0.0034719
707.00	0.0035209
708.00	0.0035314
709.00	0.0033764
710.00	0.0030396
711.00	0.0024821
712.00	0.0016422
713.00	0.0013506
714.00	0.00087503
715.00	0.00079500
716.00	0.00098358
717.00	0.0013819
718.00	0.0023901
719.00	0.0031472
720.00	0.0032962
721.00	0.0029715
722.00	0.0024140
723.00	0.0014748
724.00	0.00067173
725.00	0.00059170
726.00	0.0012182
727.00	0.0019421
728.00	0.0027139
729.00	0.0028896
730.00	0.0025299
731.00	0.0018814
732.00	0.0010075
733.00	0.00058250
734.00	0.0014500
735.00	0.0023174
736.00	0.0026716
737.00	0.0020626
738.00	0.00086031
739.00	0.00034976
740.00	0.00076924
741.00	0.0014398
742.00	0.0019817
743.00	0.0018483
744.00	0.00057054
745.00	0.0018734
746.00	0.00044635
747.00	0.0015217
748.00	0.0017959
749.00	0.00086031
750.00	0.0017879
