Wavelength (nm)	"156, Chem Eur J 2008_4006, 2"
200.00	
201.00	
202.00	
203.00	
204.00	
205.00	
206.00	
207.00	
208.00	
209.00	
210.00	
211.00	
212.00	
213.00	
214.00	
215.00	
216.00	
217.00	
218.00	
219.00	
220.00	
221.00	
222.00	
223.00	
224.00	
225.00	
226.00	
227.00	
228.00	
229.00	
230.00	
231.00	
232.00	
233.00	
234.00	
235.00	
236.00	
237.00	
238.00	
239.00	
240.00	
241.00	
242.00	
243.00	
244.00	
245.00	
246.00	
247.00	
248.00	
249.00	
250.00	0.45048
251.00	0.44822
252.00	0.44596
253.00	0.44370
254.00	0.44144
255.00	0.43919
256.00	0.43633
257.00	0.43319
258.00	0.43005
259.00	0.42690
260.00	0.42367
261.00	0.41999
262.00	0.41631
263.00	0.41263
264.00	0.40895
265.00	0.40528
266.00	0.40160
267.00	0.39792
268.00	0.39322
269.00	0.38798
270.00	0.38274
271.00	0.37749
272.00	0.37225
273.00	0.36701
274.00	0.36177
275.00	0.35526
276.00	0.34860
277.00	0.34194
278.00	0.33528
279.00	0.32862
280.00	0.32251
281.00	0.31802
282.00	0.31353
283.00	0.30904
284.00	0.30455
285.00	0.30005
286.00	0.29556
287.00	0.29107
288.00	0.28657
289.00	0.28204
290.00	0.27751
291.00	0.27298
292.00	0.26846
293.00	0.26393
294.00	0.25940
295.00	0.25487
296.00	0.25008
297.00	0.24524
298.00	0.24041
299.00	0.23557
300.00	0.23074
301.00	0.22590
302.00	0.22364
303.00	0.22188
304.00	0.22011
305.00	0.21834
306.00	0.21657
307.00	0.21480
308.00	0.21496
309.00	0.21552
310.00	0.21607
311.00	0.21663
312.00	0.21719
313.00	0.21774
314.00	0.21920
315.00	0.22176
316.00	0.22432
317.00	0.22688
318.00	0.22944
319.00	0.23232
320.00	0.23655
321.00	0.24079
322.00	0.24505
323.00	0.24937
324.00	0.25370
325.00	0.25802
326.00	0.26235
327.00	0.26667
328.00	0.27100
329.00	0.27532
330.00	0.27965
331.00	0.28428
332.00	0.29037
333.00	0.29646
334.00	0.30255
335.00	0.30864
336.00	0.31474
337.00	0.32083
338.00	0.32692
339.00	0.33301
340.00	0.34192
341.00	0.35110
342.00	0.36029
343.00	0.36947
344.00	0.37866
345.00	0.38784
346.00	0.39703
347.00	0.40621
348.00	0.41562
349.00	0.42560
350.00	0.43558
351.00	0.44557
352.00	0.45555
353.00	0.46554
354.00	0.47552
355.00	0.48551
356.00	0.49549
357.00	0.50547
358.00	0.51573
359.00	0.52794
360.00	0.54016
361.00	0.55238
362.00	0.56460
363.00	0.57682
364.00	0.58903
365.00	0.60485
366.00	0.62194
367.00	0.63903
368.00	0.65612
369.00	0.67320
370.00	0.69029
371.00	0.70738
372.00	0.72330
373.00	0.73920
374.00	0.75509
375.00	0.77099
376.00	0.78689
377.00	0.80279
378.00	0.81868
379.00	0.83443
380.00	0.84865
381.00	0.86288
382.00	0.87710
383.00	0.89133
384.00	0.90555
385.00	0.91767
386.00	0.92732
387.00	0.93696
388.00	0.94661
389.00	0.95626
390.00	0.96591
391.00	0.97533
392.00	0.98180
393.00	0.98827
394.00	0.99269
395.00	0.99452
396.00	0.99635
397.00	0.99817
398.00	1.0000
399.00	0.99759
400.00	0.99518
401.00	0.99277
402.00	0.98812
403.00	0.98329
404.00	0.97847
405.00	0.96604
406.00	0.94738
407.00	0.92872
408.00	0.90939
409.00	0.88678
410.00	0.86417
411.00	0.84156
412.00	0.81896
413.00	0.79571
414.00	0.77083
415.00	0.74595
416.00	0.72107
417.00	0.69619
418.00	0.67199
419.00	0.64797
420.00	0.62395
421.00	0.60224
422.00	0.58122
423.00	0.56020
424.00	0.54750
425.00	0.53728
426.00	0.52707
427.00	0.51686
428.00	0.50739
429.00	0.50004
430.00	0.49269
431.00	0.48534
432.00	0.47951
433.00	0.47521
434.00	0.47092
435.00	0.46662
436.00	0.46232
437.00	0.45802
438.00	0.45373
439.00	0.45025
440.00	0.44705
441.00	0.44386
442.00	0.44066
443.00	0.43747
444.00	0.43427
445.00	0.43108
446.00	0.42788
447.00	0.42469
448.00	0.42149
449.00	0.41859
450.00	0.41570
451.00	0.41280
452.00	0.40990
453.00	0.40701
454.00	0.40411
455.00	0.40121
456.00	0.39832
457.00	0.39542
458.00	0.39252
459.00	0.38978
460.00	0.38721
461.00	0.38464
462.00	0.38207
463.00	0.37950
464.00	0.37693
465.00	0.37437
466.00	0.37180
467.00	0.36923
468.00	0.36666
469.00	0.36409
470.00	0.36152
471.00	0.35895
472.00	0.35638
473.00	0.35422
474.00	0.35207
475.00	0.34993
476.00	0.34779
477.00	0.34564
478.00	0.34350
479.00	0.34135
480.00	0.33921
481.00	0.33707
482.00	0.33492
483.00	0.33278
484.00	0.33064
485.00	0.32849
486.00	0.32635
487.00	0.32421
488.00	0.32206
489.00	0.32010
490.00	0.31838
491.00	0.31667
492.00	0.31495
493.00	0.31324
494.00	0.31152
495.00	0.30981
496.00	0.30809
497.00	0.30638
498.00	0.30466
499.00	0.30295
500.00	0.30123
501.00	0.29952
502.00	0.29780
503.00	0.29609
504.00	0.29437
505.00	0.29266
506.00	0.29100
507.00	0.28935
508.00	0.28769
509.00	0.28604
510.00	0.28439
511.00	0.28274
512.00	0.28109
513.00	0.27944
514.00	0.27779
515.00	0.27614
516.00	0.27449
517.00	0.27283
518.00	0.27118
519.00	0.26953
520.00	0.26788
521.00	0.26611
522.00	0.26431
523.00	0.26252
524.00	0.26072
525.00	0.25893
526.00	0.25713
527.00	0.25534
528.00	0.25354
529.00	0.25175
530.00	0.24995
531.00	0.24816
532.00	0.24636
533.00	0.24457
534.00	0.24277
535.00	0.24098
536.00	0.23906
537.00	0.23699
538.00	0.23492
539.00	0.23285
540.00	0.23077
541.00	0.22870
542.00	0.22663
543.00	0.22456
544.00	0.22249
545.00	0.22042
546.00	0.21835
547.00	0.21628
548.00	0.21421
549.00	0.21214
550.00	0.21007
551.00	0.20798
552.00	0.20571
553.00	0.20344
554.00	0.20116
555.00	0.19889
556.00	0.19662
557.00	0.19435
558.00	0.19207
559.00	0.18980
560.00	0.18753
561.00	0.18525
562.00	0.18298
563.00	0.18071
564.00	0.17843
565.00	0.17616
566.00	0.17395
567.00	0.17182
568.00	0.16969
569.00	0.16756
570.00	0.16544
571.00	0.16331
572.00	0.16118
573.00	0.15905
574.00	0.15692
575.00	0.15480
576.00	0.15267
577.00	0.15054
578.00	0.14841
579.00	0.14628
580.00	0.14415
581.00	0.14203
582.00	0.13990
583.00	0.13777
584.00	0.13579
585.00	0.13385
586.00	0.13191
587.00	0.12998
588.00	0.12804
589.00	0.12610
590.00	0.12416
591.00	0.12223
592.00	0.12029
593.00	0.11835
594.00	0.11641
595.00	0.11448
596.00	0.11254
597.00	0.11060
598.00	0.10935
599.00	0.10821
600.00	0.10707
601.00	0.10593
602.00	0.10479
603.00	0.10364
604.00	0.10250
605.00	0.10136
606.00	0.10022
607.00	0.099081
608.00	0.097940
609.00	0.096799
610.00	0.095658
611.00	0.094518
612.00	0.093377
613.00	0.092236
614.00	0.091294
615.00	0.090432
616.00	0.089571
617.00	0.088710
618.00	0.087849
619.00	0.086988
620.00	0.086127
621.00	0.085265
622.00	0.084404
623.00	0.083543
624.00	0.082682
625.00	0.081821
626.00	0.080960
627.00	0.080098
628.00	0.079237
629.00	0.078376
630.00	0.077515
631.00	0.076674
632.00	0.075859
633.00	0.075045
634.00	0.074230
635.00	0.073415
636.00	0.072601
637.00	0.071786
638.00	0.070972
639.00	0.070157
640.00	0.069343
641.00	0.068528
642.00	0.067713
643.00	0.066899
644.00	0.066084
645.00	0.065270
646.00	0.064455
647.00	0.063640
648.00	0.062938
649.00	0.062248
650.00	0.061557
651.00	0.060867
652.00	0.060177
653.00	0.059487
654.00	0.058797
655.00	0.058106
656.00	0.057416
657.00	0.056726
658.00	0.056036
659.00	0.055346
660.00	0.054655
661.00	0.053965
662.00	0.053275
663.00	0.052726
664.00	0.052318
665.00	0.051910
666.00	0.051502
667.00	0.051094
668.00	0.050686
669.00	0.050279
670.00	0.049871
671.00	0.049463
672.00	0.049055
673.00	0.048647
674.00	0.048239
675.00	0.047831
676.00	0.047423
677.00	0.047104
678.00	0.046844
679.00	0.046583
680.00	0.046323
681.00	0.046063
682.00	0.045803
683.00	0.045542
684.00	0.045282
685.00	0.045022
686.00	0.044762
687.00	0.044501
688.00	0.044593
689.00	0.044829
690.00	0.045065
691.00	0.045301
692.00	0.045536
693.00	0.045772
694.00	0.046008
695.00	0.046244
696.00	0.046480
697.00	0.046715
698.00	0.046951
699.00	0.047187
700.00	0.047678
701.00	0.048285
702.00	0.048891
703.00	0.049497
704.00	0.050103
705.00	0.050710
706.00	0.051316
707.00	0.051922
708.00	0.052529
709.00	0.053135
710.00	0.053804
711.00	0.054783
712.00	0.055761
713.00	0.056740
714.00	0.057718
715.00	0.058696
716.00	0.059675
717.00	0.060653
718.00	0.061632
719.00	0.062610
720.00	0.063586
721.00	0.064488
722.00	0.065391
723.00	0.066293
724.00	0.067195
725.00	0.068098
726.00	0.069000
727.00	0.069902
728.00	0.070805
729.00	0.071749
730.00	0.072761
731.00	0.073772
732.00	0.074783
733.00	0.075795
734.00	0.076806
735.00	0.077817
736.00	0.078829
737.00	0.079840
738.00	0.080851
739.00	0.081863
740.00	0.082636
741.00	0.083377
742.00	0.084118
743.00	0.084859
744.00	0.085600
745.00	0.086341
746.00	0.087082
747.00	0.087823
748.00	0.088564
749.00	0.089305
750.00	0.090081
751.00	0.090920
752.00	0.091758
753.00	0.092597
754.00	0.093436
755.00	0.094274
756.00	0.095113
757.00	0.095952
758.00	0.096790
759.00	0.097629
760.00	0.098542
761.00	0.099720
762.00	0.10090
763.00	0.10208
764.00	0.10325
765.00	0.10443
766.00	0.10561
767.00	0.10679
768.00	0.10797
769.00	0.10926
770.00	0.11101
771.00	0.11275
772.00	0.11450
773.00	0.11625
774.00	0.11800
775.00	0.11974
776.00	0.12149
777.00	0.12324
778.00	0.12499
779.00	0.12678
780.00	0.12925
781.00	0.13173
782.00	0.13421
783.00	0.13668
784.00	0.13916
785.00	0.14162
786.00	0.14391
787.00	0.14619
788.00	0.14847
789.00	0.15076
790.00	0.15304
791.00	0.15532
792.00	0.15760
793.00	0.15968
794.00	0.16174
795.00	0.16380
796.00	0.16586
797.00	0.16792
798.00	0.16998
799.00	0.17204
800.00	0.17410
801.00	0.17568
802.00	0.17701
803.00	0.17835
804.00	0.17968
805.00	0.18101
806.00	0.18234
807.00	0.18339
808.00	0.18364
809.00	0.18389
810.00	0.18414
811.00	0.18440
812.00	0.18465
813.00	0.18387
814.00	0.18308
815.00	0.18230
816.00	0.18152
817.00	0.18074
818.00	0.17995
819.00	0.17917
820.00	0.17735
821.00	0.17536
822.00	0.17338
823.00	0.17140
824.00	0.16942
825.00	0.16744
826.00	0.16546
827.00	0.16328
828.00	0.16077
829.00	0.15826
830.00	0.15574
831.00	0.15323
832.00	0.15071
833.00	0.14820
834.00	0.14568
835.00	0.14312
836.00	0.14051
837.00	0.13790
838.00	0.13529
839.00	0.13267
840.00	0.13006
841.00	0.12745
842.00	0.12484
843.00	0.12223
844.00	0.11961
845.00	0.11705
846.00	0.11452
847.00	0.11198
848.00	0.10944
849.00	0.10690
850.00	0.10437
851.00	0.10183
852.00	0.099292
853.00	0.096754
854.00	0.094217
855.00	0.091679
856.00	0.089526
857.00	0.087462
858.00	0.085399
859.00	0.083335
860.00	0.081272
861.00	0.079208
862.00	0.077145
863.00	0.075081
864.00	0.073018
865.00	0.070954
866.00	0.068891
867.00	0.066827
868.00	0.065040
869.00	0.063325
870.00	0.061611
871.00	0.059896
872.00	0.058181
873.00	0.056467
874.00	0.054752
875.00	0.053038
876.00	0.051323
877.00	0.049609
878.00	0.047894
879.00	0.046180
880.00	0.044666
881.00	0.043465
882.00	0.042263
883.00	0.041062
884.00	0.039861
885.00	0.038660
886.00	0.037459
887.00	0.036258
888.00	0.035057
889.00	0.033856
890.00	0.032655
891.00	0.031454
892.00	0.030253
893.00	0.029436
894.00	0.028618
895.00	0.027801
896.00	0.026983
897.00	0.026166
898.00	0.025348
899.00	0.024531
900.00	0.023713
901.00	0.022896
902.00	0.022078
903.00	0.021261
904.00	0.020653
905.00	0.020122
906.00	0.019591
907.00	0.019061
908.00	0.018530
909.00	0.018000
910.00	0.017469
911.00	0.016938
912.00	0.016408
913.00	0.015877
914.00	0.015346
915.00	0.014816
916.00	0.014445
917.00	0.014139
918.00	0.013833
919.00	0.013527
920.00	0.013222
921.00	0.012916
922.00	0.012610
923.00	0.012304
924.00	0.011998
925.00	0.011692
926.00	0.011387
927.00	0.011081
928.00	0.010775
929.00	0.010469
930.00	0.010207
931.00	0.0099556
932.00	0.0097040
933.00	0.0094523
934.00	0.0092007
935.00	0.0089491
936.00	0.0086975
937.00	0.0084459
938.00	0.0081943
939.00	0.0079427
940.00	0.0076910
941.00	0.0074394
942.00	0.0071878
943.00	0.0069362
944.00	0.0066846
945.00	0.0064330
946.00	0.0061813
947.00	0.0060856
948.00	0.0060053
949.00	0.0059250
950.00	0.0058447
951.00	0.0057644
952.00	0.0056841
953.00	0.0056038
954.00	0.0055235
955.00	0.0054432
956.00	0.0053629
957.00	0.0052826
958.00	0.0052023
959.00	0.0051220
960.00	0.0050417
961.00	0.0049614
962.00	0.0048811
963.00	0.0048008
964.00	0.0047177
965.00	0.0046265
966.00	0.0045353
967.00	0.0044441
968.00	0.0043529
969.00	0.0042617
970.00	0.0041705
971.00	0.0040793
972.00	0.0039881
973.00	0.0038969
974.00	0.0038057
975.00	0.0037145
976.00	0.0036233
977.00	0.0035321
978.00	0.0034409
979.00	0.0033497
980.00	0.0032585
981.00	0.0031673
982.00	0.0030761
983.00	0.0029849
984.00	0.0028937
985.00	0.0028025
986.00	0.0027061
987.00	0.0025636
988.00	0.0024210
989.00	0.0022784
990.00	0.0021358
991.00	0.0021213
992.00	0.0021068
993.00	0.0020923
994.00	0.0020778
995.00	0.0020633
996.00	0.0020488
997.00	0.0020343
998.00	0.0020198
999.00	0.0020053
1000.0	0.0019908
1001.0	0.0019763
1002.0	0.0019618
1003.0	0.0019473
1004.0	0.0019328
1005.0	0.0019183
1006.0	0.0019067
1007.0	0.0019067
1008.0	0.0019067
1009.0	0.0019067
1010.0	0.0019067
1011.0	0.0019067
1012.0	0.0019067
1013.0	0.0019067
1014.0	0.0019067
1015.0	0.0019067
1016.0	0.0019067
1017.0	0.0019067
1018.0	0.0019067
1019.0	0.0019067
1020.0	0.0019067
1021.0	0.0019067
1022.0	0.0019067
1023.0	0.0019067
1024.0	0.0019067
1025.0	0.0019067
1026.0	0.0019067
1027.0	0.0019067
1028.0	0.0019067
1029.0	0.0019067
1030.0	0.0019067
1031.0	0.0019067
1032.0	0.0019067
1033.0	0.0019067
1034.0	0.0019067
1035.0	0.0019067
1036.0	0.0019067
1037.0	0.0019067
1038.0	0.0019067
1039.0	0.0019067
1040.0	0.0019067
1041.0	0.0019067
1042.0	0.0019067
1043.0	0.0019067
1044.0	0.0019067
1045.0	0.0019067
1046.0	0.0019067
1047.0	0.0019067
1048.0	0.0019067
1049.0	0.0019067
1050.0	0.0019067
1051.0	
1052.0	
1053.0	
1054.0	
1055.0	
1056.0	
1057.0	
1058.0	
1059.0	
1060.0	
1061.0	
1062.0	
1063.0	
1064.0	
1065.0	
1066.0	
1067.0	
1068.0	
1069.0	
1070.0	
1071.0	
1072.0	
1073.0	
1074.0	
1075.0	
1076.0	
1077.0	
1078.0	
1079.0	
1080.0	
1081.0	
1082.0	
1083.0	
1084.0	
1085.0	
1086.0	
1087.0	
1088.0	
1089.0	
1090.0	
1091.0	
1092.0	
1093.0	
1094.0	
1095.0	
1096.0	
1097.0	
1098.0	
1099.0	
1100.0	
1101.0	
1102.0	
1103.0	
1104.0	
1105.0	
1106.0	
1107.0	
1108.0	
1109.0	
1110.0	
1111.0	
1112.0	
1113.0	
1114.0	
1115.0	
1116.0	
1117.0	
1118.0	
1119.0	
1120.0	
1121.0	
1122.0	
1123.0	
1124.0	
1125.0	
1126.0	
1127.0	
1128.0	
1129.0	
1130.0	
1131.0	
1132.0	
1133.0	
1134.0	
1135.0	
1136.0	
1137.0	
1138.0	
1139.0	
1140.0	
1141.0	
1142.0	
1143.0	
1144.0	
1145.0	
1146.0	
1147.0	
1148.0	
1149.0	
1150.0	
1151.0	
1152.0	
1153.0	
1154.0	
1155.0	
1156.0	
1157.0	
1158.0	
1159.0	
1160.0	
1161.0	
1162.0	
1163.0	
1164.0	
1165.0	
1166.0	
1167.0	
1168.0	
1169.0	
1170.0	
1171.0	
1172.0	
1173.0	
1174.0	
1175.0	
1176.0	
1177.0	
1178.0	
1179.0	
1180.0	
1181.0	
1182.0	
1183.0	
1184.0	
1185.0	
1186.0	
1187.0	
1188.0	
1189.0	
1190.0	
1191.0	
1192.0	
1193.0	
1194.0	
1195.0	
1196.0	
1197.0	
1198.0	
1199.0	
1200.0	
