Wavelength [nm]	257 FbC-3 (SE308) CR355
300.00	0.32677
301.00	0.32368
302.00	0.32088
303.00	0.31748
304.00	0.31618
305.00	0.31199
306.00	0.30989
307.00	0.30490
308.00	0.30729
309.00	0.30360
310.00	0.30070
311.00	0.30120
312.00	0.29760
313.00	0.29520
314.00	0.29481
315.00	0.29151
316.00	0.29031
317.00	0.29011
318.00	0.28941
319.00	0.29131
320.00	0.29261
321.00	0.29451
322.00	0.29740
323.00	0.30120
324.00	0.30549
325.00	0.30969
326.00	0.31399
327.00	0.31878
328.00	0.32238
329.00	0.32807
330.00	0.33337
331.00	0.33956
332.00	0.34515
333.00	0.35105
334.00	0.35664
335.00	0.36254
336.00	0.36823
337.00	0.37552
338.00	0.38152
339.00	0.38921
340.00	0.39730
341.00	0.40509
342.00	0.41339
343.00	0.42188
344.00	0.43017
345.00	0.43766
346.00	0.44515
347.00	0.45415
348.00	0.46264
349.00	0.47183
350.00	0.47942
351.00	0.48501
352.00	0.49351
353.00	0.49890
354.00	0.50519
355.00	0.50989
356.00	0.51698
357.00	0.52398
358.00	0.53237
359.00	0.53387
360.00	0.54066
361.00	0.54995
362.00	0.56014
363.00	0.57053
364.00	0.58002
365.00	0.59021
366.00	0.60180
367.00	0.61419
368.00	0.62947
369.00	0.64196
370.00	0.65814
371.00	0.67842
372.00	0.69950
373.00	0.72078
374.00	0.74885
375.00	0.77293
376.00	0.80040
377.00	0.83007
378.00	0.85974
379.00	0.88741
380.00	0.91149
381.00	0.93267
382.00	0.95025
383.00	0.96464
384.00	0.97323
385.00	0.97682
386.00	0.97862
387.00	0.97692
388.00	0.97053
389.00	0.96214
390.00	0.95085
391.00	0.94396
392.00	0.93726
393.00	0.93027
394.00	0.92398
395.00	0.91818
396.00	0.91668
397.00	0.91608
398.00	0.91678
399.00	0.91848
400.00	0.91918
401.00	0.92118
402.00	0.92348
403.00	0.92677
404.00	0.93157
405.00	0.93636
406.00	0.93986
407.00	0.94126
408.00	0.94416
409.00	0.94635
410.00	0.95045
411.00	0.95445
412.00	0.95764
413.00	0.96264
414.00	0.96384
415.00	0.96513
416.00	0.96903
417.00	0.97283
418.00	0.97702
419.00	0.98082
420.00	0.98691
421.00	0.99251
422.00	0.99680
423.00	1.00000
424.00	0.99830
425.00	0.99550
426.00	0.99301
427.00	0.98981
428.00	0.98412
429.00	0.97662
430.00	0.96753
431.00	0.95634
432.00	0.94056
433.00	0.92238
434.00	0.90739
435.00	0.89061
436.00	0.87363
437.00	0.85814
438.00	0.83896
439.00	0.82218
440.00	0.80669
441.00	0.78911
442.00	0.77562
443.00	0.76454
444.00	0.75365
445.00	0.74206
446.00	0.73267
447.00	0.72308
448.00	0.71479
449.00	0.70779
450.00	0.70110
451.00	0.69401
452.00	0.69011
453.00	0.68402
454.00	0.67982
455.00	0.67692
456.00	0.67243
457.00	0.67033
458.00	0.66783
459.00	0.66583
460.00	0.66334
461.00	0.66264
462.00	0.66074
463.00	0.65974
464.00	0.65754
465.00	0.65524
466.00	0.64855
467.00	0.64615
468.00	0.63666
469.00	0.62937
470.00	0.61698
471.00	0.60440
472.00	0.59191
473.00	0.58102
474.00	0.56753
475.00	0.55205
476.00	0.53816
477.00	0.52328
478.00	0.50709
479.00	0.49281
480.00	0.48032
481.00	0.46633
482.00	0.45335
483.00	0.44056
484.00	0.42857
485.00	0.41698
486.00	0.40649
487.00	0.39431
488.00	0.38072
489.00	0.36653
490.00	0.35455
491.00	0.34326
492.00	0.33117
493.00	0.32008
494.00	0.30799
495.00	0.29790
496.00	0.28851
497.00	0.27912
498.00	0.26963
499.00	0.26124
500.00	0.25524
501.00	0.25075
502.00	0.24755
503.00	0.24695
504.00	0.24695
505.00	0.24685
506.00	0.24715
507.00	0.24745
508.00	0.24815
509.00	0.24905
510.00	0.25095
511.00	0.25335
512.00	0.25295
513.00	0.25435
514.00	0.25295
515.00	0.25305
516.00	0.25205
517.00	0.24815
518.00	0.24276
519.00	0.23506
520.00	0.22607
521.00	0.21499
522.00	0.20350
523.00	0.19121
524.00	0.17842
525.00	0.16513
526.00	0.15385
527.00	0.14276
528.00	0.13277
529.00	0.12448
530.00	0.11708
531.00	0.10989
532.00	0.10460
533.00	0.10270
534.00	0.10100
535.00	0.099830
536.00	0.099241
537.00	0.10120
538.00	0.10500
539.00	0.10809
540.00	0.11269
541.00	0.11848
542.00	0.12428
543.00	0.13127
544.00	0.13736
545.00	0.14336
546.00	0.14825
547.00	0.15065
548.00	0.15355
549.00	0.15035
550.00	0.14645
551.00	0.14106
552.00	0.13666
553.00	0.12947
554.00	0.12098
555.00	0.11459
556.00	0.10769
557.00	0.099560
558.00	0.093447
559.00	0.088621
560.00	0.083626
561.00	0.079021
562.00	0.074316
563.00	0.070230
564.00	0.068182
565.00	0.063586
566.00	0.060100
567.00	0.057383
568.00	0.056064
569.00	0.054436
570.00	0.052388
571.00	0.052867
572.00	0.051249
573.00	0.050989
574.00	0.050899
575.00	0.050390
576.00	0.047383
577.00	0.048701
578.00	0.048821
579.00	0.046963
580.00	0.044246
581.00	0.049161
582.00	0.044925
583.00	0.038801
584.00	0.039580
585.00	0.043926
586.00	0.038591
587.00	0.038032
588.00	0.036913
589.00	0.035125
590.00	0.033956
591.00	0.034366
592.00	0.037243
593.00	0.040679
594.00	0.039351
595.00	0.040509
596.00	0.041039
597.00	0.043966
598.00	0.050370
599.00	0.055514
600.00	0.058302
601.00	0.060879
602.00	0.064985
603.00	0.070290
604.00	0.075235
605.00	0.079870
606.00	0.085564
607.00	0.088112
608.00	0.089690
609.00	0.091219
610.00	0.093507
611.00	0.094406
612.00	0.094535
613.00	0.094795
614.00	0.095844
615.00	0.094276
616.00	0.091109
617.00	0.087952
618.00	0.084655
619.00	0.081029
620.00	0.077443
621.00	0.073157
622.00	0.070220
623.00	0.069071
624.00	0.066643
625.00	0.065924
626.00	0.065664
627.00	0.066723
628.00	0.067093
629.00	0.067103
630.00	0.064156
631.00	0.062448
632.00	0.062058
633.00	0.064376
634.00	0.063566
635.00	0.064256
636.00	0.065075
637.00	0.065285
638.00	0.065824
639.00	0.066454
640.00	0.067053
641.00	0.067992
642.00	0.070310
643.00	0.074855
644.00	0.079730
645.00	0.087223
646.00	0.095055
647.00	0.10529
648.00	0.11918
649.00	0.13646
650.00	0.15245
651.00	0.17043
652.00	0.19301
653.00	0.21718
654.00	0.24166
655.00	0.31109
656.00	0.35435
657.00	0.35245
658.00	0.39471
659.00	0.44915
660.00	0.50739
661.00	0.57143
662.00	0.63756
663.00	0.70519
664.00	0.76583
665.00	0.81648
666.00	0.84835
667.00	0.86074
668.00	0.84945
669.00	0.81738
670.00	0.76274
671.00	0.69441
672.00	0.61638
673.00	0.53357
674.00	0.45245
675.00	0.37652
676.00	0.30789
677.00	0.24995
678.00	0.19990
679.00	0.15984
680.00	0.12807
681.00	0.10160
682.00	0.081828
683.00	0.065415
684.00	0.053546
685.00	0.044645
686.00	0.037023
687.00	0.031059
688.00	0.024426
689.00	0.020909
690.00	0.018462
691.00	0.017083
692.00	0.014865
693.00	0.012298
694.00	0.011319
695.00	0.010817
696.00	0.010082
697.00	0.0093017
698.00	0.0093017
699.00	0.0078162
700.00	0.0076793
701.00	0.0068292
702.00	0.0074725
703.00	0.0068372
704.00	0.0065614
705.00	0.0064386
706.00	0.0066454
707.00	0.0072807
708.00	0.0070360
709.00	0.0060490
710.00	0.0066304
711.00	0.0065924
712.00	0.0054745
713.00	0.0051908
714.00	0.0048162
715.00	0.0048242
716.00	0.0049311
717.00	0.0045025
718.00	0.0045095
719.00	0.0033157
720.00	0.0027343
721.00	0.0031778
722.00	0.0041039
723.00	0.0034535
724.00	0.0025355
725.00	0.0030400
726.00	0.0032627
727.00	0.0027952
728.00	0.0036603
729.00	0.0031479
730.00	0.0031548
731.00	0.0032238
732.00	0.0034386
733.00	0.0037982
734.00	0.0029331
735.00	0.0021069
736.00	0.0029181
737.00	0.0029940
738.00	0.0026573
739.00	0.0027572
740.00	0.0022368
741.00	0.0022747
742.00	0.0020909
743.00	0.0016090
744.00	0.00086653
745.00	0.0022597
746.00	0.0018539
747.00	0.00071349
748.00	0.00079770
749.00	0.00062168
750.00	0.0021139
