Wavelength (nm)	L214 ZnC-P3M10 (SE242).abs

350.00	0.072569
350.20	0.070657
350.40	0.069415
350.60	0.074251
350.80	0.072069
351.00	0.068444
351.20	0.072619
351.40	0.072750
351.60	0.070196
351.80	0.071418
352.00	0.072760
352.20	0.071017
352.40	0.072880
352.60	0.071889
352.80	0.071899
353.00	0.071828
353.20	0.072910
353.40	0.073060
353.60	0.070987
353.80	0.071098
354.00	0.072199
354.20	0.069315
354.40	0.072219
354.60	0.073160
354.80	0.071889
355.00	0.070977
355.20	0.069966
355.40	0.074852
355.60	0.070747
355.80	0.071278
356.00	0.072820
356.20	0.072409
356.40	0.069836
356.60	0.072459
356.80	0.071228
357.00	0.070927
357.20	0.070527
357.40	0.074522
357.60	0.073200
357.80	0.071999
358.00	0.073761
358.20	0.072349
358.40	0.070527
358.60	0.073440
358.80	0.072499
359.00	0.069816
359.20	0.072049
359.40	0.074832
359.60	0.072259
359.80	0.071758
360.00	0.072900
360.20	0.072509
360.40	0.072669
360.60	0.071398
360.80	0.073601
361.00	0.072039
361.20	0.072199
361.40	0.073460
361.60	0.073501
361.80	0.072169
362.00	0.074792
362.20	0.074061
362.40	0.071338
362.60	0.074011
362.80	0.074522
363.00	0.073551
363.20	0.073911
363.40	0.076364
363.60	0.073981
363.80	0.073691
364.00	0.074241
364.20	0.074251
364.40	0.073941
364.60	0.075453
364.80	0.075974
365.00	0.074462
365.20	0.074612
365.40	0.076694
365.60	0.075263
365.80	0.073801
366.00	0.075463
366.20	0.075743
366.40	0.075593
366.60	0.076775
366.80	0.077736
367.00	0.075052
367.20	0.076704
367.40	0.078256
367.60	0.075783
367.80	0.076895
368.00	0.078366
368.20	0.077105
368.40	0.077946
368.60	0.079127
368.80	0.079127
369.00	0.078306
369.20	0.078437
369.40	0.079908
369.60	0.079368
369.80	0.080279
370.00	0.080429
370.20	0.079087
370.40	0.081751
370.60	0.080729
370.80	0.078917
371.00	0.083162
371.20	0.083423
371.40	0.081791
371.60	0.085615
371.80	0.087578
372.00	0.085645
372.20	0.086286
372.40	0.090201
372.60	0.089240
372.80	0.088038
373.00	0.091653
373.20	0.090622
373.40	0.089330
373.60	0.092394
373.80	0.094366
374.00	0.092654
374.20	0.094867
374.40	0.096369
374.60	0.096519
374.80	0.097620
375.00	0.10050
375.20	0.10124
375.40	0.10097
375.60	0.10306
375.80	0.10378
376.00	0.10621
376.20	0.10729
376.40	0.10950
376.60	0.11058
376.80	0.11134
377.00	0.11407
377.20	0.11668
377.40	0.11786
377.60	0.11987
377.80	0.12260
378.00	0.12365
378.20	0.12513
378.40	0.12864
378.60	0.13055
378.80	0.13175
379.00	0.13613
379.20	0.13800
379.40	0.13840
379.60	0.14188
379.80	0.14440
380.00	0.14713
380.20	0.14899
380.40	0.15413
380.60	0.15603
380.80	0.15669
381.00	0.16161
381.20	0.16438
381.40	0.16490
381.60	0.16883
381.80	0.17253
382.00	0.17345
382.20	0.17688
382.40	0.18103
382.60	0.18240
382.80	0.18546
383.00	0.18943
383.20	0.19150
383.40	0.19281
383.60	0.19714
383.80	0.19963
384.00	0.20085
384.20	0.20431
384.40	0.20804
384.60	0.20902
384.80	0.20922
385.00	0.21299
385.20	0.21510
385.40	0.21633
385.60	0.21953
385.80	0.22131
386.00	0.22260
386.20	0.22515
386.40	0.22838
386.60	0.23067
386.80	0.22997
387.00	0.23289
387.20	0.23520
387.40	0.23533
387.60	0.23712
387.80	0.23902
388.00	0.23927
388.20	0.24008
388.40	0.24286
388.60	0.24305
388.80	0.24206
389.00	0.24601
389.20	0.24654
389.40	0.24430
389.60	0.24754
389.80	0.25090
390.00	0.24937
390.20	0.25010
390.40	0.25231
390.60	0.25186
390.80	0.25126
391.00	0.25384
391.20	0.25516
391.40	0.25473
391.60	0.25671
391.80	0.25640
392.00	0.25649
392.20	0.25651
392.40	0.26033
392.60	0.25973
392.80	0.26082
393.00	0.26475
393.20	0.26485
393.40	0.26518
393.60	0.26720
393.80	0.26951
394.00	0.27082
394.20	0.27245
394.40	0.27527
394.60	0.27774
394.80	0.28028
395.00	0.28351
395.20	0.28616
395.40	0.28909
395.60	0.29282
395.80	0.29830
396.00	0.30085
396.20	0.30440
396.40	0.31085
396.60	0.31433
396.80	0.31935
397.00	0.32576
397.20	0.33335
397.40	0.33592
397.60	0.34463
397.80	0.35216
398.00	0.35759
398.20	0.36564
398.40	0.37474
398.60	0.38174
398.80	0.38891
399.00	0.39987
399.20	0.40912
399.40	0.41704
399.60	0.42848
399.80	0.43910
400.00	0.44954
400.20	0.46045
400.40	0.47317
400.60	0.48475
400.80	0.49509
401.00	0.51027
401.20	0.52304
401.40	0.53453
401.60	0.54913
401.80	0.56282
402.00	0.57642
402.20	0.59093
402.40	0.60760
402.60	0.62233
402.80	0.63518
403.00	0.65250
403.20	0.66863
403.40	0.68309
403.60	0.69915
403.80	0.71716
404.00	0.73127
404.20	0.74623
404.40	0.76280
404.60	0.77828
404.80	0.79263
405.00	0.81069
405.20	0.82614
405.40	0.83826
405.60	0.85367
405.80	0.86925
406.00	0.88141
406.20	0.89330
406.40	0.90834
406.60	0.92016
406.80	0.92906
407.00	0.94083
407.20	0.95224
407.40	0.95802
407.60	0.96727
407.80	0.97533
408.00	0.98166
408.20	0.98667
408.40	0.99362
408.60	0.99520
408.80	0.99720
409.00	1.0000
409.20	0.99930
409.40	0.99816
409.60	0.99730
409.80	0.99492
410.00	0.98977
410.20	0.98546
410.40	0.97962
410.60	0.97240
410.80	0.96300
411.00	0.95603
411.20	0.94552
411.40	0.93435
411.60	0.92280
411.80	0.91028
412.00	0.89658
412.20	0.88130
412.40	0.86819
412.60	0.85184
412.80	0.83509
413.00	0.81966
413.20	0.80244
413.40	0.78403
413.60	0.76680
413.80	0.74973
414.00	0.72873
414.20	0.71002
414.40	0.69257
414.60	0.67433
414.80	0.65327
415.00	0.63556
415.20	0.61625
415.40	0.59588
415.60	0.57799
415.80	0.56035
416.00	0.53908
416.20	0.52162
416.40	0.50558
416.60	0.48676
416.80	0.46794
417.00	0.45268
417.20	0.43557
417.40	0.41797
417.60	0.40247
417.80	0.38796
418.00	0.37089
418.20	0.35720
418.40	0.34383
418.60	0.32998
418.80	0.31588
419.00	0.30468
419.20	0.29097
419.40	0.27836
419.60	0.26708
419.80	0.25680
420.00	0.24452
420.20	0.23446
420.40	0.22655
420.60	0.21650
420.80	0.20596
421.00	0.19843
421.20	0.19047
421.40	0.18079
421.60	0.17364
421.80	0.16665
422.00	0.15876
422.20	0.15220
422.40	0.14710
422.60	0.14208
422.80	0.13388
423.00	0.12945
423.20	0.12650
423.40	0.11902
423.60	0.11475
423.80	0.11258
424.00	0.10651
424.20	0.10248
424.40	0.10018
424.60	0.096068
424.80	0.091723
425.00	0.091212
425.20	0.086607
425.40	0.082301
425.60	0.081570
425.80	0.079248
426.00	0.074942
426.20	0.073541
426.40	0.072720
426.60	0.069916
426.80	0.066472
427.00	0.066452
427.20	0.063839
427.40	0.061706
427.60	0.061976
427.80	0.060084
428.00	0.057170
428.20	0.056710
428.40	0.056570
428.60	0.054657
428.80	0.053135
429.00	0.053316
429.20	0.053266
429.40	0.050262
429.60	0.050422
429.80	0.049861
430.00	0.047799
430.20	0.046728
430.40	0.048390
430.60	0.047919
430.80	0.045496
431.00	0.046848
431.20	0.045496
431.40	0.043764
431.60	0.043524
431.80	0.045796
432.00	0.042843
432.20	0.041811
432.40	0.043454
432.60	0.042152
432.80	0.040109
433.00	0.042893
433.20	0.041671
433.40	0.040139
433.60	0.039589
433.80	0.041671
434.00	0.040670
434.20	0.041041
434.40	0.042592
434.60	0.041031
434.80	0.039148
435.00	0.041111
435.20	0.040740
435.40	0.038878
435.60	0.040189
435.80	0.039789
436.00	0.037296
436.20	0.039579
436.40	0.040890
436.60	0.037106
436.80	0.037346
437.00	0.039278
437.20	0.038477
437.40	0.037486
437.60	0.038497
437.80	0.037767
438.00	0.037606
438.20	0.037226
438.40	0.038367
438.60	0.037246
438.80	0.036535
439.00	0.038097
439.20	0.038237
439.40	0.034843
439.60	0.036895
439.80	0.038087
440.00	0.036595
440.20	0.035514
440.40	0.037036
440.60	0.036635
440.80	0.035013
441.00	0.037817
441.20	0.037266
441.40	0.034763
441.60	0.033972
441.80	0.036885
442.00	0.033722
442.20	0.033862
442.40	0.035944
442.60	0.034823
442.80	0.034553
443.00	0.035854
443.20	0.034673
443.40	0.034032
443.60	0.034472
443.80	0.035474
444.00	0.033902
444.20	0.034362
444.40	0.034543
444.60	0.033311
444.80	0.034873
445.00	0.034492
445.20	0.034653
445.40	0.033461
445.60	0.033892
445.80	0.034062
446.00	0.033471
446.20	0.033792
446.40	0.034462
446.60	0.034633
446.80	0.033852
447.00	0.033211
447.20	0.034102
447.40	0.032400
447.60	0.032280
447.80	0.034422
448.00	0.034533
448.20	0.033231
448.40	0.034583
448.60	0.033381
448.80	0.032480
449.00	0.033301
449.20	0.033842
449.40	0.031629
449.60	0.032069
449.80	0.033872
450.00	0.032110
450.20	0.031879
450.40	0.033621
450.60	0.032660
450.80	0.032140
451.00	0.033351
451.20	0.033722
451.40	0.031439
451.60	0.032500
451.80	0.033942
452.00	0.030618
452.20	0.030468
452.40	0.033101
452.60	0.031519
452.80	0.030367
453.00	0.032190
453.20	0.031218
453.40	0.030838
453.60	0.032210
453.80	0.031579
454.00	0.030257
454.20	0.030287
454.40	0.032620
454.60	0.030978
454.80	0.030027
455.00	0.031068
455.20	0.030588
455.40	0.029797
455.60	0.030127
455.80	0.031999
456.00	0.029596
456.20	0.029697
456.40	0.030778
456.60	0.030227
456.80	0.029606
457.00	0.029717
457.20	0.030458
457.40	0.029256
457.60	0.029757
457.80	0.030568
458.00	0.028645
458.20	0.028645
458.40	0.029787
458.60	0.029136
458.80	0.027224
459.00	0.030017
459.20	0.028926
459.40	0.027153
459.60	0.028245
459.80	0.029146
460.00	0.026993
460.20	0.027374
460.40	0.028675
460.60	0.027874
460.80	0.027083
461.00	0.029206
461.20	0.027934
461.40	0.026663
461.60	0.028385
461.80	0.027444
462.00	0.026142
462.20	0.026372
462.40	0.027574
462.60	0.026392
462.80	0.025972
463.00	0.026533
463.20	0.026493
463.40	0.025832
463.60	0.026893
463.80	0.026202
464.00	0.025682
464.20	0.025912
464.40	0.026793
464.60	0.025942
464.80	0.025281
465.00	0.026022
465.20	0.026022
465.40	0.024330
465.60	0.024580
465.80	0.026152
466.00	0.024771
466.20	0.024510
466.40	0.025421
466.60	0.024861
466.80	0.023279
467.00	0.024390
467.20	0.024440
467.40	0.023399
467.60	0.024450
467.80	0.024851
468.00	0.023038
468.20	0.023839
468.40	0.024560
468.60	0.023949
468.80	0.022177
469.00	0.022798
469.20	0.022808
469.40	0.022017
469.60	0.022728
469.80	0.024740
470.00	0.021627
470.20	0.022938
470.40	0.024000
470.60	0.021977
470.80	0.021336
471.00	0.022568
471.20	0.022408
471.40	0.020766
471.60	0.021667
471.80	0.022728
472.00	0.020305
472.20	0.021306
472.40	0.021567
472.60	0.021236
472.80	0.020685
473.00	0.021547
473.20	0.021346
473.40	0.019945
473.60	0.021036
473.80	0.021296
474.00	0.020005
474.20	0.019674
474.40	0.020595
474.60	0.019844
474.80	0.019434
475.00	0.019694
475.20	0.019905
475.40	0.018503
475.60	0.019774
475.80	0.019864
476.00	0.018473
476.20	0.018112
476.40	0.020635
476.60	0.019434
476.80	0.016190
477.00	0.019614
477.20	0.018693
477.40	0.017181
477.60	0.017652
477.80	0.019614
478.00	0.015960
478.20	0.017812
478.40	0.019454
478.60	0.017462
478.80	0.016100
479.00	0.018503
479.20	0.017862
479.40	0.015759
479.60	0.017151
479.80	0.018092
480.00	0.016811
480.20	0.016651
480.40	0.017812
480.60	0.016661
480.80	0.015259
481.00	0.017041
481.20	0.017011
481.40	0.014398
481.60	0.015469
481.80	0.016731
482.00	0.015219
482.20	0.014468
482.40	0.015930
482.60	0.015089
482.80	0.014528
483.00	0.016240
483.20	0.015950
483.40	0.014087
483.60	0.015179
483.80	0.016911
484.00	0.014978
484.20	0.014648
484.40	0.016871
484.60	0.015569
484.80	0.014097
485.00	0.016570
485.20	0.015609
485.40	0.013146
485.60	0.014638
485.80	0.016691
486.00	0.014698
486.20	0.015199
486.40	0.015910
486.60	0.014958
486.80	0.013697
487.00	0.016300
487.20	0.015339
487.40	0.012966
487.60	0.015799
487.80	0.014598
488.00	0.014318
488.20	0.014778
488.40	0.016040
488.60	0.015429
488.80	0.015799
489.00	0.015930
489.20	0.015419
489.40	0.014508
489.60	0.016130
489.80	0.016120
490.00	0.015109
490.20	0.015159
490.40	0.017401
490.60	0.015729
490.80	0.013987
491.00	0.015209
491.20	0.015269
491.40	0.013857
491.60	0.014938
491.80	0.016040
492.00	0.014318
492.20	0.015359
492.40	0.017882
492.60	0.015299
492.80	0.015039
493.00	0.017191
493.20	0.016390
493.40	0.015549
493.60	0.016540
493.80	0.017451
494.00	0.015739
494.20	0.016640
494.40	0.018192
494.60	0.016510
494.80	0.017121
495.00	0.018723
495.20	0.018373
495.40	0.018002
495.60	0.019264
495.80	0.019104
496.00	0.018423
496.20	0.019013
496.40	0.022307
496.60	0.020685
496.80	0.020015
497.00	0.021767
497.20	0.021276
497.40	0.019814
497.60	0.021677
497.80	0.022788
498.00	0.022057
498.20	0.021867
498.40	0.023399
498.60	0.023479
498.80	0.024470
499.00	0.024420
499.20	0.024871
499.40	0.024570
499.60	0.026112
499.80	0.025822
500.00	0.024961
500.20	0.025451
500.40	0.026713
500.60	0.025812
500.80	0.025592
501.00	0.028435
501.20	0.027474
501.40	0.026943
501.60	0.027794
501.80	0.028565
502.00	0.026663
502.20	0.026272
502.40	0.028415
502.60	0.027344
502.80	0.026773
503.00	0.028365
503.20	0.028145
503.40	0.025772
503.60	0.028065
503.80	0.028265
504.00	0.026763
504.20	0.028285
504.40	0.028896
504.60	0.027514
504.80	0.027704
505.00	0.029136
505.20	0.027894
505.40	0.027384
505.60	0.030037
505.80	0.028675
506.00	0.027584
506.20	0.028285
506.40	0.029506
506.60	0.028265
506.80	0.027354
507.00	0.029556
507.20	0.028735
507.40	0.027234
507.60	0.027524
507.80	0.029006
508.00	0.027193
508.20	0.027073
508.40	0.028896
508.60	0.027013
508.80	0.027494
509.00	0.028305
509.20	0.027424
509.40	0.026733
509.60	0.027183
509.80	0.027734
510.00	0.026443
510.20	0.025421
510.40	0.027364
510.60	0.026222
510.80	0.024610
511.00	0.026753
511.20	0.026112
511.40	0.023569
511.60	0.025922
511.80	0.026012
512.00	0.024871
512.20	0.024851
512.40	0.025842
512.60	0.023609
512.80	0.024040
513.00	0.025231
513.20	0.024771
513.40	0.023639
513.60	0.023759
513.80	0.024130
514.00	0.022027
514.20	0.023519
514.40	0.024841
514.60	0.022818
514.80	0.022768
515.00	0.023229
515.20	0.021777
515.40	0.021206
515.60	0.021897
515.80	0.021967
516.00	0.020335
516.20	0.022047
516.40	0.022748
516.60	0.020976
516.80	0.020866
517.00	0.022207
517.20	0.020625
517.40	0.019164
517.60	0.020966
517.80	0.021456
518.00	0.018933
518.20	0.018583
518.40	0.020705
518.60	0.020125
518.80	0.018583
519.00	0.020485
519.20	0.020345
519.40	0.018903
519.60	0.019414
519.80	0.020335
520.00	0.018353
520.20	0.018803
520.40	0.020145
520.60	0.018082
520.80	0.017792
521.00	0.019594
521.20	0.018813
521.40	0.016911
521.60	0.018723
521.80	0.019564
522.00	0.017552
522.20	0.018052
522.40	0.019404
522.60	0.017612
522.80	0.017381
523.00	0.018973
523.20	0.018413
523.40	0.017472
523.60	0.017882
523.80	0.018102
524.00	0.017081
524.20	0.017772
524.40	0.018523
524.60	0.017221
524.80	0.017672
525.00	0.017902
525.20	0.017441
525.40	0.017071
525.60	0.017331
525.80	0.017411
526.00	0.016751
526.20	0.016330
526.40	0.017872
526.60	0.016230
526.80	0.017141
527.00	0.018072
527.20	0.018252
527.40	0.015809
527.60	0.017131
527.80	0.018513
528.00	0.015469
528.20	0.015769
528.40	0.017451
528.60	0.016370
528.80	0.015799
529.00	0.018012
529.20	0.017562
529.40	0.015619
529.60	0.017171
529.80	0.017041
530.00	0.015229
530.20	0.016851
530.40	0.017732
530.60	0.017181
530.80	0.015049
531.00	0.017882
531.20	0.016310
531.40	0.015739
531.60	0.016520
531.80	0.016991
532.00	0.015189
532.20	0.016370
532.40	0.016450
532.60	0.015419
532.80	0.014838
533.00	0.017642
533.20	0.015729
533.40	0.015399
533.60	0.017662
533.80	0.017201
534.00	0.015469
534.20	0.014828
534.40	0.016871
534.60	0.015049
534.80	0.014538
535.00	0.016270
535.20	0.015319
535.40	0.013537
535.60	0.015539
535.80	0.015789
536.00	0.014838
536.20	0.014848
536.40	0.017221
536.60	0.015089
536.80	0.013827
537.00	0.016701
537.20	0.014938
537.40	0.013587
537.60	0.014828
537.80	0.016280
538.00	0.014268
538.20	0.014618
538.40	0.016100
538.60	0.014878
538.80	0.013747
539.00	0.015910
539.20	0.015059
539.40	0.013396
539.60	0.016450
539.80	0.015870
540.00	0.014027
540.20	0.014948
540.40	0.015759
540.60	0.013577
540.80	0.014748
541.00	0.015609
541.20	0.013226
541.40	0.013807
541.60	0.014648
541.80	0.014498
542.00	0.014278
542.20	0.014438
542.40	0.014878
542.60	0.014207
542.80	0.013567
543.00	0.014448
543.20	0.015269
543.40	0.013156
543.60	0.013917
543.80	0.014528
544.00	0.012746
544.20	0.012726
544.40	0.014318
544.60	0.013747
544.80	0.013447
545.00	0.014147
545.20	0.013547
545.40	0.013136
545.60	0.013627
545.80	0.015109
546.00	0.013116
546.20	0.012906
546.40	0.014218
546.60	0.012565
546.80	0.012706
547.00	0.014117
547.20	0.012736
547.40	0.012235
547.60	0.013176
547.80	0.013777
548.00	0.011905
548.20	0.012155
548.40	0.013817
548.60	0.011534
548.80	0.012896
549.00	0.013607
549.20	0.012906
549.40	0.012575
549.60	0.013386
549.80	0.013166
550.00	0.012976
550.20	0.011965
550.40	0.013917
550.60	0.012646
550.80	0.012505
551.00	0.012826
551.20	0.014228
551.40	0.012596
551.60	0.013296
551.80	0.014998
552.00	0.012766
552.20	0.013467
552.40	0.014177
552.60	0.013306
552.80	0.013326
553.00	0.014498
553.20	0.014898
553.40	0.013176
553.60	0.015089
553.80	0.014978
554.00	0.013126
554.20	0.014338
554.40	0.016090
554.60	0.015249
554.80	0.013927
555.00	0.016450
555.20	0.015850
555.40	0.015639
555.60	0.017381
555.80	0.017802
556.00	0.015990
556.20	0.017862
556.40	0.018573
556.60	0.017171
556.80	0.017832
557.00	0.019104
557.20	0.019003
557.40	0.017271
557.60	0.019644
557.80	0.020746
558.00	0.019985
558.20	0.021116
558.40	0.022698
558.60	0.021607
558.80	0.022167
559.00	0.023399
559.20	0.023088
559.40	0.023018
559.60	0.024160
559.80	0.025441
560.00	0.024220
560.20	0.024831
560.40	0.026362
560.60	0.025301
560.80	0.025541
561.00	0.026883
561.20	0.027774
561.40	0.027073
561.60	0.027173
561.80	0.028735
562.00	0.027584
562.20	0.028425
562.40	0.030367
562.60	0.029046
562.80	0.029867
563.00	0.032510
563.20	0.032230
563.40	0.030147
563.60	0.032090
563.80	0.033411
564.00	0.031319
564.20	0.033451
564.40	0.034553
564.60	0.033201
564.80	0.032380
565.00	0.035223
565.20	0.034192
565.40	0.033321
565.60	0.034893
565.80	0.035093
566.00	0.033591
566.20	0.035083
566.40	0.035614
566.60	0.035143
566.80	0.035253
567.00	0.036615
567.20	0.034913
567.40	0.035804
567.60	0.035914
567.80	0.036024
568.00	0.035684
568.20	0.035524
568.40	0.036175
568.60	0.035724
568.80	0.034683
569.00	0.035704
569.20	0.036956
569.40	0.035153
569.60	0.035454
569.80	0.035834
570.00	0.033431
570.20	0.035464
570.40	0.035704
570.60	0.033962
570.80	0.035584
571.00	0.035694
571.20	0.034032
571.40	0.034713
571.60	0.035534
571.80	0.035133
572.00	0.033701
572.20	0.035213
572.40	0.035043
572.60	0.033371
572.80	0.035103
573.00	0.034573
573.20	0.032590
573.40	0.033691
573.60	0.034242
573.80	0.034092
574.00	0.033381
574.20	0.032941
574.40	0.034512
574.60	0.032110
574.80	0.033391
575.00	0.034292
575.20	0.033051
575.40	0.032540
575.60	0.034252
575.80	0.032630
576.00	0.031349
576.20	0.032800
576.40	0.033011
576.60	0.032009
576.80	0.032300
577.00	0.033471
577.20	0.031609
577.40	0.030037
577.60	0.032730
577.80	0.032951
578.00	0.030948
578.20	0.031569
578.40	0.031449
578.60	0.031559
578.80	0.031499
579.00	0.032991
579.20	0.030147
579.40	0.030558
579.60	0.032300
579.80	0.030518
580.00	0.029566
580.20	0.031268
580.40	0.030498
580.60	0.029777
580.80	0.030598
581.00	0.030768
581.20	0.028395
581.40	0.029446
581.60	0.029787
581.80	0.028866
582.00	0.029346
582.20	0.029777
582.40	0.029586
582.60	0.028705
582.80	0.028185
583.00	0.029156
583.20	0.029056
583.40	0.028155
583.60	0.029186
583.80	0.028245
584.00	0.028495
584.20	0.028075
584.40	0.029316
584.60	0.028004
584.80	0.027994
585.00	0.029156
585.20	0.026443
585.40	0.027534
585.60	0.028255
585.80	0.027564
586.00	0.026663
586.20	0.027764
586.40	0.027934
586.60	0.027254
586.80	0.027113
587.00	0.029306
587.20	0.026573
587.40	0.026212
587.60	0.028615
587.80	0.026322
588.00	0.025431
588.20	0.027344
588.40	0.026362
588.60	0.024740
588.80	0.026843
589.00	0.027224
589.20	0.025902
589.40	0.026683
589.60	0.027043
589.80	0.025942
590.00	0.025702
590.20	0.026362
590.40	0.026172
590.60	0.025952
590.80	0.026833
591.00	0.026663
591.20	0.025962
591.40	0.026803
591.60	0.027143
591.80	0.027864
592.00	0.026993
592.20	0.027434
592.40	0.027584
592.60	0.027434
592.80	0.026973
593.00	0.028225
593.20	0.028976
593.40	0.028465
593.60	0.029977
593.80	0.029386
594.00	0.028715
594.20	0.030047
594.40	0.031168
594.60	0.030187
594.80	0.030808
595.00	0.033171
595.20	0.032360
595.40	0.031829
595.60	0.034432
595.80	0.032840
596.00	0.033151
596.20	0.035183
596.40	0.036565
596.60	0.035173
596.80	0.037526
597.00	0.038317
597.20	0.037106
597.40	0.039038
597.60	0.040600
597.80	0.039929
598.00	0.040680
598.20	0.042723
598.40	0.043063
598.60	0.043363
598.80	0.045236
599.00	0.045907
599.20	0.045957
599.40	0.048309
599.60	0.050282
599.80	0.050602
600.00	0.051143
600.20	0.052995
600.40	0.055258
600.60	0.054848
600.80	0.057791
601.00	0.059573
601.20	0.060895
601.40	0.061906
601.60	0.065050
601.80	0.066622
602.00	0.067183
602.20	0.071208
602.40	0.073290
602.60	0.074842
602.80	0.078126
603.00	0.080799
603.20	0.082932
603.40	0.085826
603.60	0.089781
603.80	0.092814
604.00	0.095007
604.20	0.099903
604.40	0.10295
604.60	0.10534
604.80	0.11030
605.00	0.11403
605.20	0.11692
605.40	0.12118
605.60	0.12723
605.80	0.12985
606.00	0.13420
606.20	0.14082
606.40	0.14480
606.60	0.14742
606.80	0.15391
607.00	0.15827
607.20	0.16254
607.40	0.16815
607.60	0.17258
607.80	0.17784
608.00	0.18237
608.20	0.18774
608.40	0.19313
608.60	0.19698
608.80	0.20209
609.00	0.20666
609.20	0.21092
609.40	0.21626
609.60	0.22110
609.80	0.22582
610.00	0.22913
610.20	0.23301
610.40	0.23710
610.60	0.23979
610.80	0.24303
611.00	0.24813
611.20	0.24982
611.40	0.25191
611.60	0.25687
611.80	0.25835
612.00	0.25843
612.20	0.26031
612.40	0.26349
612.60	0.26219
612.80	0.26439
613.00	0.26490
613.20	0.26321
613.40	0.26411
613.60	0.26428
613.80	0.26292
614.00	0.26104
614.20	0.25975
614.40	0.25785
614.60	0.25535
614.80	0.25460
615.00	0.25204
615.20	0.24781
615.40	0.24515
615.60	0.24279
615.80	0.23861
616.00	0.23445
616.20	0.23167
616.40	0.22650
616.60	0.22157
616.80	0.21769
617.00	0.21440
617.20	0.20867
617.40	0.20496
617.60	0.20092
617.80	0.19509
618.00	0.18912
618.20	0.18370
618.40	0.18036
618.60	0.17485
618.80	0.17024
619.00	0.16503
619.20	0.15894
619.40	0.15414
619.60	0.15067
619.80	0.14440
620.00	0.13951
620.20	0.13548
620.40	0.13046
620.60	0.12512
620.80	0.12083
621.00	0.11852
621.20	0.11180
621.40	0.10740
621.60	0.10537
621.80	0.099272
622.00	0.094857
622.20	0.092985
622.40	0.087678
622.60	0.083623
622.80	0.080619
623.00	0.077085
623.20	0.073350
623.40	0.070086
623.60	0.069536
623.80	0.065000
624.00	0.061155
624.20	0.060144
624.40	0.057401
624.60	0.053786
624.80	0.053696
625.00	0.050092
625.20	0.046457
625.40	0.046437
625.60	0.044415
625.80	0.041962
626.00	0.040510
626.20	0.038537
626.40	0.036956
626.60	0.033872
626.80	0.033922
627.00	0.032049
627.20	0.031649
627.40	0.028765
627.60	0.029917
627.80	0.027314
628.00	0.026252
628.20	0.025361
628.40	0.025752
628.60	0.022958
628.80	0.022458
629.00	0.022848
629.20	0.021096
629.40	0.019284
629.60	0.021096
629.80	0.018313
630.00	0.017331
630.20	0.018313
630.40	0.017672
630.60	0.016230
630.80	0.015960
631.00	0.016020
631.20	0.015059
631.40	0.013687
631.60	0.015249
631.80	0.012575
632.00	0.012105
632.20	0.013717
632.40	0.012886
632.60	0.011955
632.80	0.011014
633.00	0.012285
633.20	0.010253
633.40	0.010643
633.60	0.012095
633.80	0.010112
634.00	0.0099322
634.20	0.010523
634.40	0.0091913
634.60	0.0093515
634.80	0.0084704
635.00	0.0089110
635.20	0.0088509
635.40	0.0082101
635.60	0.0090011
635.80	0.0075493
636.00	0.0073390
636.20	0.0086907
636.40	0.0074592
636.60	0.0071588
636.80	0.0073591
637.00	0.0079498
637.20	0.0060975
637.40	0.0062477
637.60	0.0068785
637.80	0.0060675
638.00	0.0050062
638.20	0.0063278
638.40	0.0067783
638.60	0.0046958
638.80	0.0051363
639.00	0.0060675
639.20	0.0038748
639.40	0.0049561
639.60	0.0058072
639.80	0.0049962
640.00	0.0041451
640.20	0.0052064
640.40	0.0060474
640.60	0.0027534
640.80	0.0055368
641.00	0.0051563
641.20	0.0037046
641.40	0.0042352
641.60	0.0060875
641.80	0.0034743
642.00	0.0045456
642.20	0.0046057
642.40	0.0037646
642.60	0.0024330
642.80	0.0039649
643.00	0.0036044
643.20	0.0033141
643.40	0.0035143
643.60	0.0041251
643.80	0.0029336
644.00	0.0031238
644.20	0.0036845
644.40	0.0038948
644.60	0.0027634
644.80	0.0038247
645.00	0.0033541
645.20	0.0031439
645.40	0.0029837
645.60	0.0026633
645.80	0.0037046
646.00	0.0024630
646.20	0.0026032
646.40	0.0037646
646.60	0.0018823
646.80	0.0029436
647.00	0.0038948
647.20	0.0024630
647.40	0.0024030
647.60	0.0037146
647.80	0.0020625
648.00	0.0020025
648.20	0.0033641
648.40	0.0036745
648.60	0.0022127
648.80	0.0035344
649.00	0.0031639
649.20	0.0022728
649.40	0.0021326
649.60	0.0029737
649.80	0.0022728
650.00	0.0016020
650.20	0.0034242
650.40	0.0022828
650.60	0.0015920
650.80	0.0030938
651.00	0.0024530
651.20	0.0022027
651.40	0.0027133
651.60	0.0025331
651.80	0.0033541
652.00	0.0024230
652.20	0.0031038
652.40	0.0021326
652.60	0.0014418
652.80	0.0027334
653.00	0.0025231
653.20	0.0010913
653.40	0.0014218
653.60	0.0031739
653.80	0.0021827
654.00	0.0016620
654.20	0.0024330
654.40	0.0023028
654.60	0.0016721
654.80	0.0025131
655.00	0.0030137
655.20	0.0016620
655.40	0.0017021
655.60	0.0036645
655.80	0.0015719
656.00	0.0013316
656.20	0.0034342
656.40	0.0026433
656.60	0.0011414
656.80	0.0028435
657.00	0.0029136
657.20	0.0020225
657.40	0.0011314
657.60	0.0035243
657.80	0.0025832
658.00	0.0018523
658.20	0.0029737
658.40	0.0014818
658.60	0.0014618
658.80	0.0030337
659.00	0.0025331
659.20	0.0014718
659.40	0.0022327
659.60	0.0038047
659.80	0.00075092
660.00	0.0017421
660.20	0.0034843
660.40	0.0018723
660.60	0.0020826
660.80	0.0027934
661.00	0.0031238
661.20	0.0014218
661.40	0.0034042
661.60	0.0027834
661.80	0.0013517
662.00	0.00095117
662.20	0.0021627
662.40	0.0023429
662.60	0.0020726
662.80	0.0026833
663.00	0.0031038
663.20	0.0015819
663.40	0.0020826
663.60	0.0025431
663.80	0.0026933
664.00	0.0011714
664.20	0.0030137
664.40	0.0024831
664.60	0.0020025
664.80	0.0032240
665.00	0.0038648
665.20	0.0013717
665.40	0.0022528
665.60	0.0032440
665.80	0.00092113
666.00	0.0016620
666.20	0.0035544
666.40	0.0026633
666.60	0.0019023
666.80	0.0034543
667.00	0.0028735
667.20	0.0021527
667.40	0.0030137
667.60	0.0033041
667.80	0.0024230
668.00	0.0010913
668.20	0.0032941
668.40	0.0021527
668.60	0.0024831
668.80	0.0028035
669.00	0.0017722
669.20	0.0022728
669.40	0.0031339
669.60	0.0031238
669.80	0.0028735
670.00	0.0016721
670.20	0.0028735
670.40	0.0032640
670.60	0.0012015
670.80	0.0026032
671.00	0.0030037
671.20	0.0014918
671.40	0.0018222
671.60	0.0030237
671.80	0.0028735
672.00	0.0016620
672.20	0.0039248
672.40	0.0034242
672.60	0.00088108
672.80	0.0027534
673.00	0.0031038
673.20	0.0025832
673.40	0.0018323
673.60	0.0036945
673.80	0.0022227
674.00	0.0021226
674.20	0.0029536
674.40	0.0019023
674.60	0.0011414
674.80	0.0028936
675.00	0.0038447
675.20	0.0015819
675.40	0.0022327
675.60	0.0041251
675.80	0.0016020
676.00	0.0020926
676.20	0.0038948
676.40	0.0024630
676.60	0.0019824
676.80	0.0038748
677.00	0.0035944
677.20	0.0017421
677.40	0.0025832
677.60	0.0037947
677.80	0.0026232
678.00	0.0027934
678.20	0.0030237
678.40	0.0032941
678.60	0.0024330
678.80	0.0023429
679.00	0.0045356
679.20	0.0016420
679.40	0.0020726
679.60	0.0028635
679.80	0.0025031
680.00	0.0016921
680.20	0.0036745
680.40	0.0030337
680.60	0.0022728
680.80	0.0031038
681.00	0.0029636
681.20	0.0025632
681.40	0.0032840
681.60	0.0037046
681.80	0.0037346
682.00	0.0029136
682.20	0.0034943
682.40	0.0033341
682.60	0.0021326
682.80	0.0039849
683.00	0.0037646
683.20	0.0026332
683.40	0.0036345
683.60	0.0044955
683.80	0.0019624
684.00	0.0023329
684.20	0.0045556
684.40	0.0042953
684.60	0.0027834
684.80	0.0033541
685.00	0.0027133
685.20	0.0020926
685.40	0.0034643
685.60	0.0036945
685.80	0.0019224
686.00	0.0032941
686.20	0.0036445
686.40	0.0033241
686.60	0.0032140
686.80	0.0039649
687.00	0.0036245
687.20	0.0030638
687.40	0.0037346
687.60	0.0039449
687.80	0.0037646
688.00	0.0035544
688.20	0.0039348
688.40	0.0038848
688.60	0.0034743
688.80	0.0035344
689.00	0.0043654
689.20	0.0030738
689.40	0.0031439
689.60	0.0040550
689.80	0.0028635
690.00	0.0031238
690.20	0.0033141
690.40	0.0038648
690.60	0.0029737
690.80	0.0043053
691.00	0.0043954
691.20	0.0026633
691.40	0.0040750
691.60	0.0056369
691.80	0.0034242
692.00	0.0030838
692.20	0.0046157
692.40	0.0039649
692.60	0.0023329
692.80	0.0041251
693.00	0.0043353
693.20	0.0021226
693.40	0.0038648
693.60	0.0050963
693.80	0.0040250
694.00	0.0038648
694.20	0.0044254
694.40	0.0040450
694.60	0.0046858
694.80	0.0041651
695.00	0.0049161
695.20	0.0035844
695.40	0.0041151
695.60	0.0048159
695.80	0.0044154
696.00	0.0043253
696.20	0.0049661
696.40	0.0038247
696.60	0.0046057
696.80	0.0047158
697.00	0.0052364
697.20	0.0043954
697.40	0.0039849
697.60	0.0049561
697.80	0.0042552
698.00	0.0036445
698.20	0.0045856
698.40	0.0046758
698.60	0.0039949
698.80	0.0052965
699.00	0.0055268
699.20	0.0045556
699.40	0.0041952
699.60	0.0052865
699.80	0.0045356
700.00	0.0044455
