Wavelength (nm)	S09 abs e
300.06	47228
300.25	47178
300.44	47163
300.63	46908
300.81	46937
301.00	47094
301.19	47026
301.38	46949
301.56	47067
301.75	47036
301.94	47202
302.13	47237
302.31	47281
302.50	47329
302.69	47252
302.88	47380
303.06	47535
303.25	47341
303.44	47502
303.63	47785
303.81	47963
304.00	47898
304.19	48119
304.38	48132
304.56	47990
304.75	47941
304.94	48124
305.13	48155
305.31	48569
305.50	48879
305.69	48972
305.88	49128
306.06	49295
306.25	49532
306.44	49664
306.63	49705
306.81	49713
307.00	49912
307.19	50101
307.38	50193
307.56	50541
307.75	50902
307.94	51109
308.13	51459
308.31	51805
308.50	51735
308.69	52171
308.88	52161
309.06	52433
309.25	52641
309.44	52711
309.63	53062
309.81	54102
310.00	54362
310.19	52670
310.38	54152
310.56	52768
310.75	54337
310.94	54915
311.13	53530
311.31	56438
311.50	54431
311.69	54583
311.88	54268
312.06	55109
312.25	58006
312.44	54164
312.63	57221
312.81	55345
313.00	57310
313.19	56740
313.38	56769
313.56	58713
313.75	57505
313.94	59095
314.13	58833
314.31	59177
314.50	58077
314.69	61233
314.88	58470
315.06	59122
315.25	58706
315.44	57615
315.63	60364
315.81	60241
316.00	59897
316.19	60578
316.38	59801
316.56	59867
316.75	60885
316.94	60136
317.13	62182
317.31	62683
317.50	63226
317.69	63125
317.88	61721
318.06	62572
318.25	62459
318.44	63206
318.63	65640
318.81	64016
319.00	63881
319.19	64544
319.38	64874
319.56	64669
319.75	65753
319.94	66349
320.13	65105
320.31	66373
320.50	66938
320.69	67910
320.88	66036
321.06	67404
321.25	66836
321.44	68262
321.63	67735
321.81	66889
322.00	69376
322.19	67846
322.38	69307
322.56	68949
322.75	70462
322.94	69379
323.13	70429
323.31	68989
323.50	69634
323.69	69948
323.88	70808
324.06	70237
324.25	71082
324.44	72873
324.63	70525
324.81	72406
325.00	72497
325.19	72226
325.38	72634
325.56	73011
325.75	72456
325.94	71197
326.13	73091
326.31	72928
326.50	73896
326.69	72784
326.88	72653
327.06	72707
327.25	73711
327.44	72754
327.63	72779
327.81	73367
328.00	72337
328.19	72673
328.38	72171
328.56	71205
328.75	70791
328.94	71567
329.13	69823
329.31	69893
329.50	71798
329.69	70510
329.88	70940
330.06	69662
330.25	70092
330.44	68982
330.63	68238
330.81	68869
331.00	68524
331.19	68739
331.38	70040
331.56	66945
331.75	70320
331.94	68327
332.13	67689
332.31	67079
332.50	67718
332.69	65993
332.88	66824
333.06	64915
333.25	66904
333.44	66604
333.63	64470
333.81	65703
334.00	66746
334.19	65350
334.38	65279
334.56	62860
334.75	65162
334.94	63576
335.13	64335
335.31	64999
335.50	62284
335.69	63240
335.88	64008
336.06	62517
336.25	63367
336.44	61976
336.63	62916
336.81	59905
337.00	62228
337.19	61202
337.38	62519
337.56	62140
337.75	61358
337.94	60376
338.13	60787
338.31	59556
338.50	60818
338.69	59717
338.88	61726
339.06	60378
339.25	61111
339.44	60157
339.63	60539
339.81	60744
340.00	58576
340.19	58692
340.38	60768
340.56	58638
340.75	59004
340.94	60136
341.13	58783
341.31	58415
341.50	59201
341.69	57975
341.88	59261
342.06	60193
342.25	60356
342.44	57899
342.63	58641
342.81	57600
343.00	59842
343.19	58562
343.38	58590
343.56	58117
343.75	57809
343.94	58656
344.13	58566
344.31	57194
344.50	57963
344.69	58364
344.88	57925
345.06	58163
345.25	58985
345.44	58259
345.63	59362
345.81	58350
346.00	58951
346.19	59446
346.38	59852
346.56	58261
346.75	57815
346.94	59718
347.13	58519
347.31	57923
347.50	59722
347.69	59564
347.88	58913
348.06	59914
348.25	59117
348.44	58533
348.63	58829
348.81	58989
349.00	59772
349.19	59727
349.38	59297
349.56	59809
349.75	59705
349.94	58689
350.13	59879
350.31	59540
350.50	60472
350.69	60025
350.88	58619
351.06	60112
351.25	60871
351.44	59025
351.63	61121
351.81	59429
352.00	59585
352.19	60016
352.38	61089
352.56	60630
352.75	60321
352.94	60207
353.13	61520
353.31	60823
353.50	61837
353.69	60554
353.88	60563
354.06	61279
354.25	62164
354.44	61553
354.63	62351
354.81	62238
355.00	62279
355.19	62759
355.38	62620
355.56	63721
355.75	63526
355.94	63408
356.13	63459
356.31	62987
356.50	64139
356.69	64748
356.88	65405
357.06	64069
357.25	64112
357.44	65241
357.63	64612
357.81	64432
358.00	64845
358.19	64355
358.38	65388
358.56	64968
358.75	65200
358.94	66121
359.13	65647
359.31	67401
359.50	65273
359.69	66462
359.88	66332
360.06	66764
360.25	66262
360.44	67389
360.63	66078
360.81	66907
361.00	66657
361.19	67367
361.38	66632
361.56	67752
361.75	67127
361.94	66710
362.13	68064
362.31	67591
362.50	66815
362.69	66637
362.88	67421
363.06	66762
363.25	66990
363.44	67084
363.63	66418
363.81	66991
364.00	66986
364.19	66608
364.38	66493
364.56	66262
364.75	66632
364.94	65921
365.13	64926
365.31	65270
365.50	65878
365.69	65080
365.88	65573
366.06	64602
366.25	64110
366.44	63413
366.63	63362
366.81	63165
367.00	64235
367.19	63382
367.38	61800
367.56	61964
367.75	62480
367.94	62207
368.13	61359
368.31	60839
368.50	60470
368.69	60147
368.88	59530
369.06	59278
369.25	59050
369.44	59400
369.63	57862
369.81	58307
370.00	57569
370.19	57346
370.38	57493
370.56	56173
370.75	55243
370.94	55628
371.13	55265
371.31	55912
371.50	54808
371.69	54669
371.88	54544
372.06	53804
372.25	53158
372.44	53059
372.63	53317
372.81	52685
373.00	52711
373.19	52560
373.38	52744
373.56	51867
373.75	51293
373.94	50620
374.13	51337
374.31	49931
374.50	50304
374.69	50102
374.88	49218
375.06	49088
375.25	48655
375.44	48622
375.63	47966
375.81	47514
376.00	47398
376.19	47577
376.38	47139
376.56	47062
376.75	46834
376.94	45945
377.13	45803
377.31	46147
377.50	45495
377.69	44648
377.88	44707
378.06	44540
378.25	44618
378.44	43624
378.63	43833
378.81	43540
379.00	43653
379.19	43117
379.38	43170
379.56	42636
379.75	43665
379.94	42432
380.13	42096
380.31	42355
380.50	41421
380.69	42197
380.88	42170
381.06	41918
381.25	41545
381.44	40779
381.63	40647
381.81	41509
382.00	40841
382.19	40591
382.38	41032
382.56	41563
382.75	39914
382.94	40512
383.13	40339
383.31	40214
383.50	39217
383.69	39960
383.88	39775
384.06	39726
384.25	39948
384.44	39493
384.63	39561
384.81	39196
385.00	39344
385.19	39823
385.38	39366
385.56	39337
385.75	38530
385.94	39294
386.13	39251
386.31	38612
386.50	39328
386.69	39306
386.88	38986
387.06	38470
387.25	38499
387.44	38470
387.63	38278
387.81	38090
388.00	37744
388.19	38218
388.38	38261
388.56	38778
388.75	39083
388.94	38333
389.13	38160
389.31	38189
389.50	38311
389.69	37278
389.88	37495
390.06	37598
390.25	37223
390.44	37653
390.63	37619
390.81	37427
391.00	37221
391.19	37178
391.38	36867
391.56	37475
391.75	37338
391.94	36373
392.13	37518
392.31	37324
392.50	37228
392.69	35890
392.88	37160
393.06	36952
393.25	36613
393.44	37360
393.63	36872
393.81	36043
394.00	36901
394.19	36723
394.38	36738
394.56	36957
394.75	36646
394.94	35469
395.13	36173
395.31	36029
395.50	36322
395.69	36666
395.88	36402
396.06	36190
396.25	36166
396.44	35950
396.63	35841
396.81	36075
397.00	36598
397.19	36204
397.38	35995
397.56	35613
397.75	35567
397.94	35317
398.13	35512
398.31	35174
398.50	36074
398.69	35524
398.88	35719
399.06	36438
399.25	35688
399.44	35113
399.63	35128
399.81	35854
400.00	35714
400.19	35734
400.38	35155
400.56	35560
400.75	35267
400.94	34390
401.13	34672
401.31	34388
401.50	35179
401.69	34873
401.88	34116
402.06	35173
402.25	35005
402.44	34434
402.63	34201
402.81	34926
403.00	34777
403.19	34835
403.38	34513
403.56	34976
403.75	35106
403.94	34695
404.13	34559
404.31	34750
404.50	34469
404.69	34063
404.88	34224
405.06	34594
405.25	34095
405.44	33840
405.63	33939
405.81	33912
406.00	34227
406.19	33318
406.38	33823
406.56	33268
406.75	33672
406.94	34136
407.13	34354
407.31	33729
407.50	33456
407.69	33893
407.88	34003
408.06	34082
408.25	32653
408.44	33580
408.63	33712
408.81	34020
409.00	33518
409.19	33854
409.38	33549
409.56	32894
409.75	32833
409.94	32494
410.13	32775
410.31	33059
410.50	33254
410.69	32696
410.88	33105
411.06	33251
411.25	31922
411.44	32929
411.63	33042
411.81	32554
412.00	32658
412.19	32860
412.38	32718
412.56	32708
412.75	32394
412.94	31958
413.13	32190
413.31	32634
413.50	32804
413.69	31702
413.88	32233
414.06	32781
414.25	31634
414.44	31615
414.63	32225
414.81	31711
415.00	31687
415.19	31596
415.38	31315
415.56	31757
415.75	31695
415.94	31752
416.13	32024
416.31	32057
416.50	31726
416.69	31224
416.88	31594
417.06	31526
417.25	31240
417.44	30639
417.63	31257
417.81	31247
418.00	31322
418.19	31081
418.38	31104
418.56	30678
418.75	31029
418.94	30767
419.13	30380
419.31	30371
419.50	31029
419.69	30591
419.88	30818
420.06	29983
420.25	30315
420.44	30664
420.63	29580
420.81	30169
421.00	30130
421.19	29712
421.38	29827
421.56	30053
421.75	29919
421.94	30358
422.13	29409
422.31	29215
422.50	29327
422.69	29436
422.88	29681
423.06	29186
423.25	29541
423.44	29064
423.63	29445
423.81	29148
424.00	29107
424.19	28657
424.38	28640
424.56	28254
424.75	28782
424.94	28945
425.13	28280
425.31	28256
425.50	28054
425.69	28316
425.88	28057
426.06	28004
426.25	27447
426.44	27759
426.63	27410
426.81	27977
427.00	27329
427.19	27408
427.38	27686
427.56	27105
427.75	27112
427.94	27002
428.13	27023
428.31	26997
428.50	27273
428.69	26349
428.88	26584
429.06	26043
429.25	27002
429.44	26709
429.63	26314
429.81	26250
430.00	26053
430.19	25813
430.38	25385
430.56	25704
430.75	25692
430.94	25325
431.13	25031
431.31	25418
431.50	25060
431.69	24673
431.88	24779
432.06	24530
432.25	24760
432.44	24582
432.63	24380
432.81	23482
433.00	23806
433.19	24313
433.38	23585
433.56	24136
433.75	23285
433.94	23498
434.13	23480
434.31	23160
434.50	22528
434.69	22290
434.88	22756
435.06	22533
435.25	22297
435.44	22137
435.63	22668
435.81	21855
436.00	22018
436.19	21675
436.38	21485
436.56	21248
436.75	21795
436.94	21661
437.13	21343
437.31	21398
437.50	20784
437.69	20729
437.88	21093
438.06	20966
438.25	20902
438.44	20745
438.63	20421
438.81	20918
439.00	20676
439.19	21113
439.38	19890
439.56	20255
439.75	20106
439.94	20106
440.13	19864
440.31	19991
440.50	19316
440.69	20190
440.88	20567
441.06	19673
441.25	19609
441.44	19441
441.63	19734
441.81	19352
442.00	19251
442.19	19099
442.38	19515
442.56	18741
442.75	19345
442.94	19333
443.13	18808
443.31	18385
443.50	18844
443.69	18809
443.88	18799
444.06	18420
444.25	18169
444.44	18703
444.63	18378
444.81	17742
445.00	18181
445.19	18271
445.38	17336
445.56	17722
445.75	17740
445.94	17674
446.13	17569
446.31	17531
446.50	17240
446.69	17285
446.88	17461
447.06	17144
447.25	16505
447.44	17122
447.63	17060
447.81	16756
448.00	16588
448.19	16314
448.38	16147
448.56	16183
448.75	15813
448.94	15834
449.13	15959
449.31	15769
449.50	15423
449.69	15209
449.88	15007
450.06	15044
450.25	14662
450.44	15099
450.63	14984
450.81	14877
451.00	14642
451.19	14680
451.38	14244
451.56	14073
451.75	14083
451.94	13705
452.13	13943
452.31	13393
452.50	13953
452.69	13458
452.88	13544
453.06	13097
453.25	12771
453.44	12963
453.63	12956
453.81	12729
454.00	12598
454.19	12297
454.38	12269
454.56	12206
454.75	12143
454.94	11893
455.13	11648
455.31	11903
455.50	11350
455.69	11434
455.88	11178
456.06	11577
456.25	11197
456.44	10983
456.63	10649
456.81	10959
457.00	10197
457.19	10700
457.38	10235
457.56	10456
457.75	10325
457.94	10176
458.13	9833.7
458.31	9741.2
458.50	9614.5
458.69	9295.9
458.88	8886.5
459.06	9403.8
459.25	9235.9
459.44	9160.6
459.63	8836.8
459.81	8621.0
460.00	8598.7
460.19	8879.7
460.38	8302.4
460.56	8192.8
460.75	8144.8
460.94	8531.9
461.13	8066.0
461.31	7834.8
461.50	8197.9
461.69	7990.7
461.88	7982.1
462.06	7451.1
462.25	7547.0
462.44	7514.5
462.63	7358.6
462.81	7559.0
463.00	6896.1
463.19	6800.2
463.38	7228.4
463.56	6954.4
463.75	6988.6
463.94	6813.9
464.13	6887.6
464.31	6462.8
464.50	6457.6
464.69	6856.7
464.88	6627.2
465.06	6575.8
465.25	6176.7
465.44	5919.8
465.63	6574.1
465.81	6541.6
466.00	5554.9
466.19	6240.1
466.38	5546.4
466.56	5813.6
466.75	5092.4
466.94	5748.5
467.13	5556.6
467.31	5493.3
467.50	5681.7
467.69	5260.3
467.88	5510.4
468.06	5102.7
468.25	5380.2
468.44	5041.1
468.63	4804.7
468.81	5258.6
469.00	4874.9
469.19	4890.3
469.38	5020.5
469.56	4689.9
469.75	4379.9
469.94	5039.3
470.13	4325.1
470.31	4696.8
470.50	4558.0
470.69	4284.0
470.88	4373.0
471.06	4417.6
471.25	4470.7
471.44	4361.0
471.63	4311.4
471.81	4289.1
472.00	4253.1
472.19	4164.1
472.38	4522.0
472.56	3821.5
472.75	4020.2
472.94	3864.3
473.13	3746.1
473.31	3564.5
473.50	3761.5
473.69	3663.9
473.88	3980.8
474.06	3670.7
474.25	3922.5
474.44	4054.4
474.63	3662.2
474.81	3292.2
475.00	3651.9
475.19	3780.4
475.38	3523.4
475.56	3622.8
475.75	3501.2
475.94	3466.9
476.13	3415.5
476.31	3696.4
476.50	3717.0
476.69	3302.5
476.88	3480.6
477.06	3615.9
477.25	3504.6
477.44	3432.6
477.63	3162.0
477.81	2982.2
478.00	3119.2
478.19	3021.6
478.38	3254.5
478.56	3177.4
478.75	3359.0
478.94	3263.1
479.13	2725.2
479.31	2798.9
479.50	2718.4
479.69	2603.6
479.88	3201.4
480.06	3216.8
480.25	3281.9
480.44	3302.5
480.63	2925.6
480.81	2826.3
481.00	3035.3
481.19	2687.5
481.38	2684.1
481.56	3066.1
481.75	2812.6
481.94	2877.7
482.13	2821.1
482.31	2804.0
482.50	2660.1
482.69	2953.0
482.88	2780.0
483.06	2464.9
483.25	2713.2
483.44	2370.6
483.63	2242.2
483.81	2670.4
484.00	2615.6
484.19	2816.0
484.38	2619.0
484.56	2889.7
484.75	2574.5
484.94	2504.3
485.13	2461.4
485.31	2607.0
485.50	2226.8
485.69	2291.9
485.88	2637.9
486.06	2581.3
486.25	2386.1
486.44	2322.7
486.63	2581.3
486.81	2523.1
487.00	2562.5
487.19	2864.0
487.38	2382.6
487.56	2046.9
487.75	2540.2
487.94	2512.8
488.13	2394.6
488.31	2137.7
488.50	2740.6
488.69	2637.9
488.88	2192.5
489.06	2620.7
489.25	2540.2
489.44	2648.1
489.63	2170.2
489.81	2579.6
490.00	2470.0
490.19	2497.4
490.38	2105.2
490.56	2274.7
490.75	2730.4
490.94	2365.5
491.13	2170.2
491.31	2321.0
491.50	2454.6
491.69	2303.8
491.88	2189.1
492.06	1966.4
492.25	2261.0
492.44	2446.0
492.63	2368.9
492.81	2297.0
493.00	2254.2
493.19	2528.2
493.38	2160.0
493.56	2401.5
493.75	2680.7
493.94	2411.8
494.13	2291.9
494.31	2300.4
494.50	2607.0
494.69	2595.0
494.88	2557.4
495.06	2285.0
495.25	2398.1
495.44	2089.7
495.63	2488.8
495.81	2723.5
496.00	2334.7
496.19	2497.4
496.38	2649.9
496.56	2269.6
496.75	2692.7
496.94	2305.6
497.13	2685.8
497.31	2526.5
497.50	2206.2
497.69	2588.2
497.88	2581.3
498.06	2207.9
498.25	2117.1
498.44	2398.1
498.63	2701.2
498.81	2598.5
499.00	2435.7
499.19	2533.4
499.38	2677.3
499.56	2625.9
499.75	2449.4
499.94	2624.2
500.13	2194.2
500.31	2867.4
500.50	2531.7
500.69	2574.5
500.88	2274.7
501.06	2557.4
501.25	2990.7
501.44	2879.4
501.63	2577.9
501.81	2774.9
502.00	2545.4
502.19	2913.6
502.38	2725.2
502.56	2502.5
502.75	2744.1
502.94	2446.0
503.13	2584.8
503.31	2485.4
503.50	2738.9
503.69	2805.7
503.88	3014.7
504.06	2752.6
504.25	2423.7
504.44	2615.6
504.63	2696.1
504.81	2281.6
505.00	2581.3
505.19	2529.9
505.38	2526.5
505.56	2966.7
505.75	2247.3
505.94	2446.0
506.13	2223.3
506.31	2243.9
506.50	2295.3
506.69	2670.4
506.88	2709.8
507.06	2355.2
507.25	2810.9
507.44	2518.0
507.63	2082.9
507.81	2502.5
508.00	2691.0
508.19	2226.8
508.38	2360.4
508.56	2117.1
508.75	2655.0
508.94	2665.3
509.13	2165.1
509.31	2101.7
509.50	2668.7
509.69	2528.2
509.88	2336.4
510.06	2353.5
510.25	2250.7
510.44	2375.8
510.63	2406.6
510.81	2692.7
511.00	2345.0
511.19	2190.8
511.38	2625.9
511.56	2809.2
511.75	2290.1
511.94	2228.5
512.12	1957.8
512.31	2512.8
512.50	2070.9
512.69	2195.9
512.88	2252.5
513.06	2422.0
513.25	2252.5
513.44	2178.8
513.62	2195.9
513.81	1849.9
514.00	1891.0
514.19	1752.3
514.37	2036.6
514.56	2387.8
514.75	1620.4
514.94	2288.4
515.12	2514.5
515.31	2124.0
515.50	1783.1
515.69	1968.1
515.87	2046.9
516.06	1779.7
516.25	2165.1
516.44	1997.2
516.62	2185.7
516.81	1711.2
517.00	2197.6
517.19	1629.0
517.37	1884.2
517.56	1848.2
517.75	1976.7
517.94	1921.9
518.13	1880.8
518.31	1557.0
518.50	2070.9
518.69	1932.1
518.88	2046.9
519.06	2154.8
519.25	1688.9
519.44	1476.5
519.62	2146.3
519.81	1695.8
520.00	2089.7
520.19	1637.5
520.38	1680.4
520.56	1557.0
520.75	1716.3
520.94	1726.6
521.12	1384.0
521.31	1815.7
521.50	1086.0
521.69	1639.2
521.87	1903.0
522.06	1743.7
522.25	1603.3
522.44	1834.5
522.63	1815.7
522.81	1825.9
523.00	1444.0
523.19	1603.3
523.37	1373.7
523.56	1637.5
523.75	1123.7
523.94	1790.0
524.12	1783.1
524.31	1406.3
524.50	1733.5
524.69	1783.1
524.87	1289.8
525.06	1414.9
525.25	1557.0
525.44	1539.9
525.62	1610.1
525.81	1308.7
526.00	1274.4
526.19	1500.5
526.37	1505.6
526.56	1527.9
526.75	1445.7
526.94	1356.6
527.13	1627.3
527.31	1551.9
527.50	1365.2
527.69	1375.5
527.88	609.79
528.06	1390.9
528.25	962.65
528.44	1546.7
528.62	782.79
528.81	1038.0
529.00	955.80
529.19	1312.1
529.38	834.18
529.56	1106.5
529.75	1243.6
529.94	986.63
530.13	1108.2
530.31	935.24
530.50	613.22
530.69	1034.6
530.87	1110.0
531.06	1003.8
531.25	1647.8
531.44	976.35
531.63	959.22
531.81	1596.4
532.00	1046.6
532.19	1077.4
532.37	782.79
532.56	829.04
532.75	1221.3
532.94	1019.2
533.12	1200.7
533.31	1176.8
533.50	892.42
533.69	1291.5
533.87	1245.3
534.06	1086.0
534.25	964.36
534.44	981.49
534.62	1050.0
534.81	784.51
535.00	813.63
535.19	978.06
535.37	578.96
535.56	948.94
535.75	680.02
535.94	1070.6
536.12	916.40
536.31	823.90
536.50	1074.0
536.69	781.08
536.88	964.36
537.06	685.16
537.25	767.38
537.44	878.72
537.63	834.18
537.81	873.58
538.00	710.85
538.19	733.12
538.37	942.09
538.56	808.49
538.75	837.61
538.94	854.74
539.13	1271.0
539.31	1135.7
539.50	590.95
539.69	787.93
539.87	957.51
540.06	815.34
540.25	630.35
540.44	664.60
540.62	830.76
540.81	599.51
541.00	722.84
541.19	793.07
541.38	900.98
541.56	623.49
541.75	224.39
541.94	657.75
542.12	623.49
542.31	888.99
542.50	719.42
542.69	704.00
542.87	757.10
543.06	560.12
543.25	981.49
543.44	486.46
543.62	794.78
543.81	1079.1
544.00	669.74
544.19	467.62
544.37	613.22
544.56	733.12
544.75	851.31
544.94	751.96
545.12	714.28
545.31	763.95
545.50	825.62
545.69	440.21
545.88	775.94
546.06	573.82
546.25	613.22
546.44	798.21
546.63	875.29
546.81	441.93
547.00	757.10
547.19	620.07
547.37	635.48
547.56	560.12
547.75	531.00
547.94	972.93
548.13	803.35
548.31	745.11
548.50	419.66
548.69	590.95
548.88	650.90
549.06	626.92
549.25	654.33
549.44	657.75
549.62	426.51
549.81	630.35
550.00	722.84
550.19	837.61
550.38	779.37
550.56	536.14
550.75	786.22
550.94	813.63
551.12	633.77
551.31	1065.4
551.50	976.35
551.69	813.63
551.87	661.18
552.06	650.90
552.25	839.32
552.44	729.69
552.62	695.44
552.81	912.97
553.00	556.69
553.19	859.87
553.37	548.13
553.56	457.34
553.75	608.08
553.94	642.34
554.12	630.35
554.31	890.71
554.50	820.48
554.69	717.70
554.87	560.12
555.06	746.82
555.25	849.60
555.44	541.28
555.63	662.89
555.81	683.45
556.00	928.39
556.19	685.16
556.38	830.76
556.56	645.76
556.75	942.09
556.94	751.96
557.12	554.98
557.31	142.17
557.50	493.31
557.69	1123.7
557.88	924.96
558.06	758.81
558.25	412.81
558.44	1074.0
558.62	847.88
558.81	972.93
559.00	441.93
559.19	602.94
559.37	1062.0
559.56	789.65
559.75	966.07
559.94	532.71
560.13	664.60
560.31	477.90
560.50	650.90
560.69	54.813
560.87	327.16
561.06	549.84
561.25	500.17
561.44	731.41
561.62	969.50
561.81	1103.1
562.00	601.23
562.19	779.37
562.37	429.94
562.56	906.12
562.75	296.33
562.94	358.00
563.12	380.26
563.31	914.69
563.50	575.53
563.69	645.76
563.87	423.09
564.06	284.34
564.25	467.62
564.44	736.55
564.63	171.29
564.81	157.59
565.00	361.42
565.19	220.96
565.38	616.64
565.56	590.95
565.75	433.36
565.94	279.20
566.12	560.12
566.31	527.57
566.50	810.20
566.69	346.01
566.88	102.77
567.06	635.48
567.25	882.14
567.44	656.04
567.63	621.78
567.81	346.01
568.00	500.17
568.19	609.79
568.37	510.44
568.56	678.31
568.75	385.40
568.94	337.44
569.13	405.96
569.31	724.56
569.50	501.88
569.69	793.07
569.87	793.07
570.06	166.15
570.25	390.54
570.44	546.41
570.62	1099.7
570.81	268.92
571.00	690.30
571.19	531.00
571.37	352.86
571.56	527.57
571.75	400.82
571.94	347.72
572.12	656.04
572.31	592.66
572.50	327.16
572.69	585.81
572.87	647.48
573.06	601.23
573.25	328.88
573.44	373.41
573.62	918.11
573.81	871.86
574.00	698.86
574.19	568.68
574.38	690.30
574.56	739.97
574.75	659.47
574.94	561.83
575.13	859.87
575.31	519.01
575.50	472.76
575.69	250.08
575.87	445.35
576.06	986.63
576.25	460.77
576.44	508.73
576.63	469.33
576.81	539.56
577.00	554.98
577.19	644.05
577.37	907.84
577.56	892.42
577.75	657.75
577.94	919.83
578.12	602.94
578.31	690.30
578.50	822.19
578.69	904.41
578.88	630.35
579.06	476.19
579.25	688.58
579.44	455.63
579.62	969.50
579.81	553.27
580.00	757.10
580.19	376.84
580.37	388.83
580.56	495.03
580.75	416.23
580.94	656.04
581.12	657.75
581.31	505.30
581.50	594.38
581.69	637.20
581.87	870.15
582.06	842.75
582.25	681.73
582.44	974.64
582.62	561.83
582.81	817.05
583.00	1098.0
583.19	847.88
583.38	554.98
583.56	705.71
583.75	597.80
583.94	609.79
584.13	786.22
584.31	757.10
584.50	936.95
584.69	823.90
584.87	690.30
585.06	931.82
585.25	837.61
585.44	1214.4
585.63	1031.2
585.81	834.18
586.00	435.08
586.19	717.70
586.38	644.05
586.56	681.73
586.75	959.22
586.94	866.73
587.12	741.68
587.31	945.52
587.50	998.62
587.69	849.60
587.88	842.75
588.06	863.30
588.25	1022.6
588.44	765.66
588.62	1108.2
588.81	1110.0
589.00	952.37
589.19	1192.2
589.37	810.20
589.56	1128.8
589.75	1038.0
589.94	342.58
590.12	825.62
590.31	1087.7
590.50	936.95
590.69	811.91
590.87	899.27
591.06	935.24
591.25	984.92
591.44	714.28
591.62	995.19
591.81	1312.1
592.00	868.44
592.19	942.09
592.37	1229.9
592.56	1169.9
592.75	972.93
592.94	902.70
593.13	1036.3
593.31	1163.1
593.50	1010.6
593.69	1199.0
593.88	745.11
594.06	851.31
594.25	1322.4
594.44	1565.6
594.62	1007.2
594.81	1512.5
595.00	1062.0
595.19	1310.4
595.38	1110.0
595.56	1226.4
595.75	1103.1
595.94	1193.9
596.12	1200.7
596.31	1015.7
596.50	729.69
596.69	1168.2
596.87	1202.5
597.06	1454.2
597.25	1120.2
597.44	1289.8
597.63	1873.9
597.81	1193.9
598.00	1221.3
598.19	1694.1
598.37	1193.9
598.56	1137.4
598.75	1223.0
598.94	1036.3
599.12	1276.1
599.31	1387.4
599.50	1051.7
599.69	1964.7
599.87	1284.7
600.06	2012.7
600.25	1341.2
600.44	1466.2
600.62	1351.5
600.81	1509.1
601.00	1437.1
601.19	1125.4
601.37	1365.2
601.56	959.22
601.75	1613.5
601.94	1721.5
602.13	993.48
602.31	1250.4
602.50	1735.2
602.69	1420.0
602.88	1517.6
603.06	1211.0
603.25	1454.2
603.44	1546.7
603.62	1820.8
603.81	1560.4
604.00	1500.5
604.19	1396.0
604.38	1800.3
604.56	1432.0
604.75	1397.7
604.94	1534.8
605.13	1502.2
605.31	1426.8
605.50	1363.5
605.69	1848.2
605.87	1432.0
606.06	1353.2
606.25	1435.4
606.44	1790.0
606.63	1469.7
606.81	1611.8
607.00	1464.5
607.19	1594.7
607.37	1697.5
607.56	1909.9
607.75	1603.3
607.94	1738.6
608.12	1529.6
608.31	1495.4
608.50	1618.7
608.69	1623.8
608.87	1704.3
609.06	1476.5
609.25	1769.4
609.44	1844.8
609.62	1980.1
609.81	1807.1
610.00	1289.8
610.19	1921.9
610.37	1503.9
610.56	1433.7
610.75	2106.9
610.94	1425.1
611.12	1772.8
611.31	2274.7
611.50	2074.3
611.69	2101.7
611.88	1808.8
612.06	1918.4
612.25	1918.4
612.44	2017.8
612.63	1634.1
612.81	2158.3
613.00	1728.3
613.19	2211.3
613.37	2002.4
613.56	1891.0
613.75	1817.4
613.94	1570.7
614.13	1865.3
614.31	1634.1
614.50	1298.4
614.69	1644.4
614.87	1856.8
615.06	1951.0
615.25	2079.5
615.44	1882.5
615.62	2365.5
615.81	2009.2
616.00	1983.5
616.19	2516.2
616.38	1832.8
616.56	2132.6
616.75	2286.7
616.94	1771.1
617.12	2177.1
617.31	1995.5
617.50	2408.3
617.69	2295.3
617.87	2502.5
618.06	2084.6
618.25	2814.3
618.44	2384.4
618.62	2649.9
618.81	2564.2
619.00	2351.8
619.19	2365.5
619.37	2466.6
619.56	2211.3
619.75	2048.6
619.94	2639.6
620.12	2148.0
620.31	2644.7
620.50	2189.1
620.69	2658.4
620.88	2404.9
621.06	2822.9
621.25	2848.5
621.44	2660.1
621.63	3119.2
621.81	3410.4
622.00	3062.7
622.19	3256.2
622.37	2781.7
622.56	2653.3
622.75	2500.8
622.94	3083.2
623.13	3018.1
623.31	3605.6
623.50	3501.2
623.69	3071.2
623.88	3035.3
624.06	2877.7
624.25	2989.0
624.44	3062.7
624.62	3364.1
624.81	3441.2
625.00	3328.2
625.19	3225.4
625.38	3646.8
625.56	3526.9
625.75	4131.5
625.94	3944.8
626.12	3520.0
626.31	3997.9
626.50	3807.8
626.69	4033.9
626.87	3963.6
627.06	4287.4
627.25	3478.9
627.44	4112.7
627.62	4427.8
627.81	4575.1
628.00	4292.5
628.19	4542.6
628.37	4520.3
628.56	4157.2
628.75	4527.2
628.94	4763.6
629.12	4655.7
629.31	4501.5
629.50	4501.5
629.69	4816.7
629.87	4856.1
630.06	4919.4
630.25	4693.3
630.44	5092.4
630.63	4450.1
630.81	4998.2
631.00	4792.7
631.19	5282.6
631.38	5083.9
631.56	5157.5
631.75	5162.7
631.94	5051.3
632.12	5306.6
632.31	5280.9
632.50	5143.8
632.69	5183.2
632.88	5378.5
633.06	5174.7
633.25	5602.9
633.44	5453.9
633.62	5678.3
633.81	5361.4
634.00	5440.2
634.19	5558.4
634.37	5556.6
634.56	5414.5
634.75	5357.9
634.94	5767.3
635.13	5722.8
635.31	6116.8
635.50	6348.0
635.69	5542.9
635.87	5738.2
636.06	5911.2
636.25	6000.3
636.44	5477.8
636.62	5954.0
636.81	6231.5
637.00	6293.2
637.19	5930.0
637.37	6435.4
637.56	6322.3
637.75	5851.3
637.94	6416.5
638.12	6303.5
638.31	6497.0
638.50	6572.4
638.69	6531.3
638.87	6216.1
639.06	6394.2
639.25	6389.1
639.44	6294.9
639.63	6488.5
639.81	6608.4
640.00	7163.3
640.19	6563.8
640.37	6678.6
640.56	6300.0
640.75	6738.5
640.94	7014.3
641.12	6851.6
641.31	6887.6
641.50	7201.0
641.69	7074.3
641.88	7077.7
642.06	6827.6
642.25	7399.7
642.44	6604.9
642.63	7117.1
642.81	6937.2
643.00	6731.7
643.19	6865.3
643.38	7053.7
643.56	7031.4
643.75	7166.8
643.94	7031.4
644.12	7497.4
644.31	6765.9
644.50	7480.2
644.69	6834.5
644.87	7180.5
645.06	7346.6
645.25	7507.6
645.44	6834.5
645.62	7367.2
645.81	7029.7
646.00	7631.0
646.19	7410.0
646.37	7101.7
646.56	7740.6
646.75	7634.4
646.94	7353.5
647.13	7809.1
647.31	7901.6
647.50	8173.9
647.69	7560.7
647.87	7732.0
648.06	8134.5
648.25	7726.9
648.44	8059.2
648.62	7516.2
648.81	7341.5
649.00	7838.2
649.19	8132.8
649.38	8244.2
649.56	8540.5
649.75	8153.4
649.94	8424.0
650.13	7915.3
650.31	7677.2
650.50	7769.7
650.69	8168.8
650.88	7839.9
651.06	8382.9
651.25	8215.1
651.44	8115.7
651.62	8360.7
651.81	9009.8
652.00	8432.6
652.19	8800.9
652.37	8641.6
652.56	8583.3
652.75	8023.2
652.94	8636.4
653.12	8153.4
653.31	8826.6
653.50	8496.0
653.69	8696.4
653.88	9126.3
654.06	8418.9
654.25	9133.2
654.44	8454.9
654.63	8627.9
654.81	9186.3
655.00	8958.5
655.19	8987.6
655.37	9328.4
655.56	9338.7
655.75	9768.7
655.94	9328.4
656.12	9756.7
656.31	9612.8
656.50	9537.4
656.69	9570.0
656.87	9936.5
657.06	10142
657.25	9826.9
657.44	10015
657.62	10468
657.81	10048
658.00	10168
658.19	10401
658.38	9900.5
658.56	9486.0
658.75	10122
658.94	10678
659.12	10608
659.31	10168
659.50	10531
659.69	10976
659.87	10873
660.06	11082
660.25	11093
660.44	10769
660.63	10736
660.81	11374
661.00	11430
661.19	10860
661.38	11550
661.56	11278
661.75	11082
661.94	11759
662.13	11069
662.31	11708
662.50	11709
662.69	11315
662.87	11891
663.06	11442
663.25	11728
663.44	11934
663.62	11985
663.81	11826
664.00	11624
664.19	11761
664.37	11516
664.56	11288
664.75	12072
664.94	11958
665.12	12245
665.31	11565
665.50	11913
665.69	12410
665.88	12066
666.06	12117
666.25	11833
666.44	11959
666.62	12544
666.81	11970
667.00	12341
667.19	12204
667.37	11966
667.56	12328
667.75	12571
667.94	12158
668.13	12163
668.31	12442
668.50	12090
668.69	11925
668.88	12624
669.06	12936
669.25	12355
669.44	13023
669.63	12694
669.81	12432
670.00	12341
670.19	12580
670.37	12672
670.56	13194
670.75	12544
670.94	12571
671.12	12511
671.31	12576
671.50	12847
671.69	13076
671.87	12552
672.06	12627
672.25	13662
672.44	13047
672.63	13516
672.81	13436
673.00	13362
673.19	13931
673.38	13708
673.56	13595
673.75	13976
673.94	14424
674.12	14000
674.31	13845
674.50	14666
674.69	14745
674.87	14542
675.06	15065
675.25	14548
675.44	15358
675.62	15562
675.81	15324
676.00	15425
676.19	15502
676.37	16093
676.56	16221
676.75	16394
676.94	16060
677.13	16690
677.31	16502
677.50	16641
677.69	17468
677.87	17412
678.06	17182
678.25	17842
678.44	18092
678.62	18152
678.81	18655
679.00	18811
679.19	19148
679.38	18981
679.56	20156
679.75	19858
679.94	20399
680.13	20433
680.31	20896
680.50	21310
680.69	21812
680.88	21421
681.06	22215
681.25	22329
681.44	22655
681.62	22821
681.81	23266
682.00	23729
682.19	23958
682.37	24376
682.56	24996
682.75	25217
682.94	25687
683.12	25961
683.31	26600
683.50	26363
683.69	27077
683.87	26860
684.06	28211
684.25	27862
684.44	28742
684.63	28784
684.81	29047
685.00	29640
685.19	30317
685.37	30330
685.56	30875
685.75	31152
685.94	31243
686.12	32209
686.31	32536
686.50	32446
686.69	32932
686.88	33739
687.06	34056
687.25	34290
687.44	34962
687.63	35267
687.81	35392
688.00	35664
688.19	36449
688.38	36428
688.56	36562
688.75	36555
688.94	37230
689.12	37521
689.31	37874
689.50	38628
689.69	38528
689.87	38821
690.06	38456
690.25	39217
690.44	39726
690.62	40010
690.81	40255
691.00	40794
691.19	41103
691.38	41248
691.56	41187
691.75	42365
691.94	41975
692.13	42435
692.31	43031
692.50	42745
692.69	43268
692.87	43612
693.06	43655
693.25	44220
693.44	44494
693.62	44630
693.81	44571
694.00	44895
694.19	45519
694.37	45455
694.56	45572
694.75	46231
694.94	46207
695.12	46373
695.31	46563
695.50	46772
695.69	46317
695.88	46270
696.06	46993
696.25	47088
696.44	47550
696.62	46837
696.81	46784
697.00	47048
697.19	46733
697.37	46932
697.56	46515
697.75	46604
697.94	46903
698.13	47024
698.31	46709
698.50	46351
698.69	47033
698.88	47271
699.06	46968
699.25	46495
699.44	46370
699.63	46128
699.81	45871
700.00	45909
700.19	46014
700.37	46007
700.56	45193
700.75	45407
700.94	45380
701.12	45722
701.31	45059
701.50	45041
701.69	45601
701.87	45035
702.06	44013
702.25	44333
702.44	43636
702.62	43718
702.81	43268
703.00	43655
703.19	43521
703.38	42677
703.56	42660
703.75	42965
703.94	42163
704.12	42139
704.31	41485
704.50	41949
704.69	41468
704.87	41570
705.06	40842
705.25	41130
705.44	41089
705.63	41074
705.81	40176
706.00	40657
706.19	39919
706.38	40130
706.56	39779
706.75	39133
706.94	39588
707.13	40209
707.31	38895
707.50	39364
707.69	38874
707.87	38525
708.06	38537
708.25	38652
708.44	38086
708.62	38280
708.81	37548
709.00	37989
709.19	37136
709.37	37286
709.56	37574
709.75	38093
709.94	36113
710.13	36898
710.31	37314
710.50	36685
710.69	37093
710.88	36382
711.06	36274
711.25	36981
711.44	35957
711.62	35584
711.81	36253
712.00	35765
712.19	35584
712.37	35805
712.56	35128
712.75	35752
712.94	35813
713.12	35997
713.31	35328
713.50	35236
713.69	34892
713.87	35135
714.06	35217
714.25	34590
714.44	34071
714.63	34258
714.81	34210
715.00	34470
715.19	34893
715.37	34393
715.56	33593
715.75	33280
715.94	34905
716.12	33871
716.31	33653
716.50	34636
716.69	33831
716.88	34304
717.06	33215
717.25	33196
717.44	33948
717.63	33852
717.81	32823
718.00	33701
718.19	33521
718.38	32906
718.56	33259
718.75	32984
718.94	32956
719.12	32811
719.31	33838
719.50	32740
719.69	33124
719.87	33504
720.06	33300
720.25	32913
720.44	33085
720.62	33417
720.81	33436
721.00	33302
721.19	32514
721.37	33217
721.56	33098
721.75	32996
721.94	33052
722.13	31939
722.31	31721
722.50	32355
722.69	32569
722.87	33160
723.06	32836
723.25	32151
723.44	32567
723.62	32187
723.81	32235
724.00	32557
724.19	33037
724.38	32607
724.56	31875
724.75	32574
724.94	33032
725.13	32605
725.31	33485
725.50	32530
725.69	32644
725.88	32391
726.06	32300
726.25	33133
726.44	33014
726.62	32853
726.81	33002
727.00	33158
727.19	33537
727.37	33869
727.56	33211
727.75	33419
727.94	33766
728.12	34667
728.31	33775
728.50	34698
728.69	34184
728.88	34107
729.06	34989
729.25	33771
729.44	34263
729.63	33629
729.81	34463
730.00	34400
730.19	34260
730.37	34994
730.56	34923
730.75	35222
730.94	35782
731.12	36408
731.31	35710
731.50	35633
731.69	36485
731.87	36421
732.06	36879
732.25	36923
732.44	36856
732.62	37168
732.81	37910
733.00	37641
733.19	38413
733.38	38477
733.56	37701
733.75	37963
733.94	38687
734.12	38773
734.31	39147
734.50	39472
734.69	40565
734.87	39391
735.06	40414
735.25	40971
735.44	41586
735.63	40501
735.81	41209
736.00	41913
736.19	42345
736.38	41800
736.56	42644
736.75	42822
736.94	42082
737.13	42535
737.31	43831
737.50	43509
737.69	43927
737.87	43746
738.06	44439
738.25	45047
738.44	44768
738.62	45342
738.81	45787
739.00	44953
739.19	45525
739.37	46502
739.56	46068
739.75	47118
739.94	47279
740.12	47004
740.31	47480
740.50	47454
740.69	47697
740.88	48117
741.06	48276
741.25	48453
741.44	48083
741.62	48155
741.81	48458
742.00	49080
742.19	49222
742.37	48362
742.56	49056
742.75	48987
742.94	49417
743.13	50025
743.31	49051
743.50	48275
743.69	49729
743.88	49383
744.06	49169
744.25	49405
744.44	49253
744.63	50715
744.81	49626
745.00	48754
745.19	49789
745.37	49796
745.56	49540
745.75	49271
745.94	49373
746.12	49206
746.31	49116
746.50	49086
746.69	49732
746.87	48591
747.06	49475
747.25	49280
747.44	49902
747.63	49001
747.81	49006
748.00	48797
748.19	49001
748.38	49715
748.56	48619
748.75	49688
748.94	48915
749.12	48854
749.31	49386
749.50	48413
749.69	48622
749.87	48550
750.06	48129
750.25	47982
750.44	47643
750.62	46933
750.81	48369
751.00	47781
751.19	47826
751.37	47559
751.56	47668
751.75	47569
751.94	46825
752.13	48287
752.31	47776
752.50	47754
752.69	46707
752.87	47358
753.06	48759
753.25	47093
753.44	47377
753.62	47231
753.81	47382
754.00	46673
754.19	47358
754.38	46983
754.56	47723
754.75	47788
754.94	48591
755.13	48024
755.31	48569
755.50	48321
755.69	48374
755.88	50215
756.06	49316
756.25	50537
756.44	49931
756.62	49802
756.81	51354
757.00	51855
757.19	50969
757.37	51483
757.56	52182
757.75	52159
757.94	53167
758.12	53321
758.31	54450
758.50	54585
758.69	55059
758.87	54814
759.06	56801
759.25	55349
759.44	56762
759.63	57594
759.81	58811
760.00	60217
760.19	60890
760.37	62820
760.56	63334
760.75	63495
760.94	64410
761.12	65225
761.31	66738
761.50	66841
761.69	69676
761.88	68382
762.06	71327
762.25	72116
762.44	73314
762.63	74927
762.81	76315
763.00	78182
763.19	78536
763.38	80719
763.56	81890
763.75	83410
763.94	85444
764.12	87133
764.31	88218
764.50	90001
764.69	91974
764.87	93589
765.06	94278
765.25	96383
765.44	98896
765.62	1.0033e+05
765.81	1.0319e+05
766.00	1.0462e+05
766.19	1.0857e+05
766.38	1.0787e+05
766.56	1.1203e+05
766.75	1.1248e+05
766.94	1.1589e+05
767.13	1.1685e+05
767.31	1.1855e+05
767.50	1.2084e+05
767.69	1.2294e+05
767.87	1.2562e+05
768.06	1.2696e+05
768.25	1.2791e+05
768.44	1.2765e+05
768.62	1.2877e+05
768.81	1.3069e+05
769.00	1.3157e+05
769.19	1.3438e+05
769.37	1.3734e+05
769.56	1.3907e+05
769.75	1.4235e+05
769.94	1.4286e+05
770.12	1.4382e+05
770.31	1.4615e+05
770.50	1.4773e+05
770.69	1.5063e+05
770.88	1.5168e+05
771.06	1.5546e+05
771.25	1.5689e+05
771.44	1.5885e+05
771.62	1.6038e+05
771.81	1.6382e+05
772.00	1.6551e+05
772.19	1.6701e+05
772.37	1.6891e+05
772.56	1.7342e+05
772.75	1.7453e+05
772.94	1.7675e+05
773.13	1.7803e+05
773.31	1.7934e+05
773.50	1.8198e+05
773.69	1.8382e+05
773.88	1.8678e+05
774.06	1.8680e+05
774.25	1.9225e+05
774.44	1.9204e+05
774.63	1.9261e+05
774.81	1.9697e+05
775.00	2.0044e+05
775.19	2.0209e+05
775.37	2.0292e+05
775.56	2.0355e+05
775.75	2.0819e+05
775.94	2.0872e+05
776.12	2.1137e+05
776.31	2.1360e+05
776.50	2.1636e+05
776.69	2.1593e+05
776.87	2.1839e+05
777.06	2.1824e+05
777.25	2.2245e+05
777.44	2.2461e+05
777.62	2.2431e+05
777.81	2.3108e+05
778.00	2.2958e+05
778.19	2.3050e+05
778.38	2.3369e+05
778.56	2.3722e+05
778.75	2.3554e+05
778.94	2.3821e+05
779.12	2.3569e+05
779.31	2.3928e+05
779.50	2.4239e+05
779.69	2.4512e+05
779.87	2.4320e+05
780.06	2.4647e+05
780.25	2.4984e+05
780.44	2.5090e+05
780.63	2.4913e+05
780.81	2.5534e+05
781.00	2.5315e+05
781.19	2.5564e+05
781.38	2.5906e+05
781.56	2.5723e+05
781.75	2.5895e+05
781.94	2.6314e+05
782.13	2.5771e+05
782.31	2.6161e+05
782.50	2.5915e+05
782.69	2.6323e+05
782.87	2.6309e+05
783.06	2.6567e+05
783.25	2.6434e+05
783.44	2.6314e+05
783.62	2.6437e+05
783.81	2.6264e+05
784.00	2.6755e+05
784.19	2.6663e+05
784.37	2.6900e+05
784.56	2.6370e+05
784.75	2.6866e+05
784.94	2.6803e+05
785.13	2.6419e+05
785.31	2.6609e+05
785.50	2.6286e+05
785.69	2.6706e+05
785.88	2.5876e+05
786.06	2.6328e+05
786.25	2.5421e+05
786.44	2.5827e+05
786.62	2.5843e+05
786.81	2.6113e+05
787.00	2.5731e+05
787.19	2.5460e+05
787.37	2.5385e+05
787.56	2.5066e+05
787.75	2.4968e+05
787.94	2.4871e+05
788.12	2.4854e+05
788.31	2.4561e+05
788.50	2.4278e+05
788.69	2.3842e+05
788.87	2.3807e+05
789.06	2.3729e+05
789.25	2.3436e+05
789.44	2.3117e+05
789.63	2.2986e+05
789.81	2.2898e+05
790.00	2.2893e+05
790.19	2.2438e+05
790.37	2.1927e+05
790.56	2.1746e+05
790.75	2.1477e+05
790.94	2.1276e+05
791.12	2.0903e+05
791.31	2.0883e+05
791.50	2.0413e+05
791.69	2.0206e+05
791.88	1.9754e+05
792.06	1.9688e+05
792.25	1.9233e+05
792.44	1.8853e+05
792.63	1.8391e+05
792.81	1.8200e+05
793.00	1.7827e+05
793.19	1.7658e+05
793.38	1.7301e+05
793.56	1.6707e+05
793.75	1.6660e+05
793.94	1.6178e+05
794.12	1.5780e+05
794.31	1.5715e+05
794.50	1.5181e+05
794.69	1.4749e+05
794.87	1.4221e+05
795.06	1.4032e+05
795.25	1.3622e+05
795.44	1.3237e+05
795.62	1.2888e+05
795.81	1.2642e+05
796.00	1.2279e+05
796.19	1.1858e+05
796.37	1.1808e+05
796.56	1.1474e+05
796.75	1.1180e+05
796.94	1.0675e+05
797.13	1.0581e+05
797.31	1.0205e+05
797.50	98630
797.69	96239
797.87	94012
798.06	89893
798.25	88721
798.44	87851
798.62	85856
798.81	82265
799.00	80535
799.19	77766
799.38	75847
799.56	74175
799.75	71813
799.94	69617
800.13	67786
800.31	66707
800.50	65823
800.69	63036
800.88	60243
801.06	60441
801.25	55930
801.44	56541
801.62	55174
801.81	54362
802.00	50397
802.19	50769
802.37	48362
802.56	47094
802.75	47315
802.94	45250
803.12	44188
803.31	42168
803.50	40304
803.69	40724
803.88	38864
804.06	37954
804.25	37245
804.44	36062
804.63	34376
804.81	33938
805.00	33871
805.19	31439
805.37	29955
805.56	29893
805.75	29671
805.94	29299
806.12	28078
806.31	27252
806.50	25418
806.69	25837
806.87	24458
807.06	23623
807.25	21730
807.44	23189
807.62	21574
807.81	21242
808.00	21507
808.19	20479
808.38	22555
808.56	21171
808.75	19731
808.94	20125
809.12	18141
809.31	19928
809.50	18782
809.69	16795
809.87	17052
810.06	15719
810.25	16552
810.44	16694
810.62	16867
810.81	14349
811.00	15474
811.19	15140
811.37	14063
811.56	15286
811.75	13518
811.94	13686
812.12	13782
812.31	13513
812.50	10368
812.69	12581
812.88	12648
813.06	11142
813.25	11053
813.44	11362
813.63	10567
813.81	10613
814.00	10630
814.19	10956
814.38	10115
814.56	9477.5
814.75	9969.1
814.94	9981.1
815.13	8713.5
815.31	9576.8
815.50	8453.1
815.69	7423.7
815.88	8602.2
816.06	7086.3
816.25	7953.0
816.44	8079.7
816.62	7637.8
816.81	5397.3
817.00	7795.4
817.19	6252.1
817.37	6195.5
817.56	7331.2
817.75	7007.5
817.94	5532.7
818.13	7295.2
818.31	6551.8
818.50	7708.0
818.69	6678.6
818.88	6596.4
819.06	7365.5
819.25	6425.1
819.44	6310.3
819.63	6075.6
819.81	5380.2
820.00	5025.6
820.19	5635.4
820.37	4914.3
820.56	6897.8
820.75	4643.7
820.94	4921.2
821.12	4433.0
821.31	5933.5
821.50	6360.0
821.69	5727.9
821.87	4782.4
822.06	4198.3
822.25	4677.9
822.44	4044.1
822.63	4099.0
822.81	4272.0
823.00	4768.7
823.19	3761.5
823.38	4568.3
823.56	4931.4
823.75	4904.0
823.94	4342.2
824.12	3520.0
824.31	4775.6
824.50	3872.9
824.69	4095.5
824.87	3376.1
825.06	4958.8
825.25	4417.6
825.44	5191.8
825.62	3919.1
825.81	4292.5
826.00	4220.6
826.19	4054.4
826.37	2600.2
826.56	4008.2
826.75	4032.2
826.94	4429.6
827.13	4638.5
827.31	3975.6
827.50	2456.3
827.69	4494.6
827.87	4105.8
828.06	4309.6
828.25	4809.8
828.44	3489.2
828.62	3879.7
828.81	4924.6
829.00	4343.9
829.19	2019.5
829.37	3610.8
829.56	3335.0
829.75	3504.6
829.94	3031.8
830.12	3525.1
830.31	3588.5
830.50	3112.3
830.69	2021.2
830.87	3353.9
831.06	1611.8
831.25	3314.5
831.44	2718.4
831.63	3739.3
831.81	3607.4
832.00	3338.4
832.19	4381.6
832.38	3667.3
832.56	705.71
832.75	373.41
832.94	2679.0
833.13	3638.2
833.31	4815.0
833.50	3677.6
833.69	2317.5
833.88	2982.2
834.06	2079.5
834.25	2874.2
834.44	1730.0
834.63	3321.3
834.81	2146.3
835.00	1281.2
835.19	2908.5
835.37	2005.8
835.56	3615.9
835.75	2535.1
835.94	602.94
836.12	3658.7
836.31	4100.7
836.50	2958.2
836.69	2817.7
836.88	2125.7
837.06	4203.4
837.25	1072.3
837.44	2279.9
837.63	2440.9
837.81	2399.8
838.00	3580.0
838.19	1243.6
838.38	2901.6
838.56	1558.7
838.75	3430.9
838.94	2898.2
839.12	311.75
839.31	2404.9
839.50	1310.4
839.69	3550.8
839.87	1108.2
840.06	2341.5
840.25	2257.6
840.44	1217.9
840.62	102.77
840.81	2649.9
841.00	178.14
841.19	743.40
841.38	1700.9
841.56	3151.7
841.75	1682.1
841.94	1937.3
842.13	402.53
842.31	1966.4
842.50	3516.6
842.69	2338.1
842.87	2151.4
843.06	3807.8
843.25	1683.8
843.44	1145.9
843.62	1072.3
843.81	2026.4
844.00	1916.7
844.19	2026.4
844.37	301.47
844.56	1567.3
844.75	1193.9
844.94	650.90
845.12	2917.1
845.31	133.61
845.50	1507.3
845.69	1750.6
845.88	2029.8
846.06	1067.1
846.25	330.59
846.44	2010.9
846.62	556.69
846.81	1394.3
847.00	1971.5
847.19	1815.7
847.37	1526.2
847.56	3482.3
847.75	2682.4
847.94	3192.8
848.12	3720.4
848.31	3071.2
848.50	334.01
848.69	1634.1
848.87	191.85
849.06	155.87
849.25	1168.2
849.44	1545.0
849.62	1121.9
849.81	1745.4
850.00	131.31
