Wavelength (nm)	21, (Z)-Vv-DPxB-63, ZVVDYCC
210.00	0.88861
211.00	0.92745
212.00	0.96629
213.00	0.98302
214.00	0.99975
215.00	0.99987
216.00	1.00000
217.00	0.98853
218.00	0.97706
219.00	0.95824
220.00	0.93943
221.00	0.91558
222.00	0.89173
223.00	0.86510
224.00	0.83847
225.00	0.81201
226.00	0.78554
227.00	0.76207
228.00	0.73860
229.00	0.71977
230.00	0.70094
231.00	0.68710
232.00	0.67325
233.00	0.66400
234.00	0.65476
235.00	0.65046
236.00	0.64616
237.00	0.64516
238.00	0.64416
239.00	0.64419
240.00	0.64422
241.00	0.64327
242.00	0.64233
243.00	0.63837
244.00	0.63442
245.00	0.62709
246.00	0.61976
247.00	0.60750
248.00	0.59524
249.00	0.57764
250.00	0.56005
251.00	0.53767
252.00	0.51529
253.00	0.49041
254.00	0.46554
255.00	0.44075
256.00	0.41596
257.00	0.39465
258.00	0.37335
259.00	0.35649
260.00	0.33963
261.00	0.32666
262.00	0.31369
263.00	0.30514
264.00	0.29659
265.00	0.29095
266.00	0.28530
267.00	0.28167
268.00	0.27804
269.00	0.27578
270.00	0.27352
271.00	0.27184
272.00	0.27017
273.00	0.26883
274.00	0.26749
275.00	0.26610
276.00	0.26471
277.00	0.26327
278.00	0.26184
279.00	0.25986
280.00	0.25789
281.00	0.25556
282.00	0.25323
283.00	0.25024
284.00	0.24726
285.00	0.24384
286.00	0.24042
287.00	0.23647
288.00	0.23253
289.00	0.22826
290.00	0.22399
291.00	0.21979
292.00	0.21559
293.00	0.21114
294.00	0.20669
295.00	0.20270
296.00	0.19872
297.00	0.19494
298.00	0.19115
299.00	0.18701
300.00	0.18287
301.00	0.17903
302.00	0.17519
303.00	0.17136
304.00	0.16752
305.00	0.16378
306.00	0.16004
307.00	0.15627
308.00	0.15251
309.00	0.14884
310.00	0.14518
311.00	0.14178
312.00	0.13837
313.00	0.13492
314.00	0.13148
315.00	0.12807
316.00	0.12465
317.00	0.12151
318.00	0.11836
319.00	0.11505
320.00	0.11174
321.00	0.10877
322.00	0.10580
323.00	0.10310
324.00	0.10039
325.00	0.097600
326.00	0.094808
327.00	0.092449
328.00	0.090090
329.00	0.087963
330.00	0.085837
331.00	0.084161
332.00	0.082484
333.00	0.081488
334.00	0.080493
335.00	0.079537
336.00	0.078581
337.00	0.078277
338.00	0.077973
339.00	0.078110
340.00	0.078246
341.00	0.078982
342.00	0.079719
343.00	0.081250
344.00	0.082780
345.00	0.084347
346.00	0.085914
347.00	0.088453
348.00	0.090991
349.00	0.093717
350.00	0.096442
351.00	0.099751
352.00	0.10306
353.00	0.10700
354.00	0.11094
355.00	0.11511
356.00	0.11929
357.00	0.12455
358.00	0.12980
359.00	0.13521
360.00	0.14062
361.00	0.14702
362.00	0.15342
363.00	0.16052
364.00	0.16763
365.00	0.17577
366.00	0.18391
367.00	0.19229
368.00	0.20067
369.00	0.20977
370.00	0.21888
371.00	0.22886
372.00	0.23884
373.00	0.24941
374.00	0.25999
375.00	0.27107
376.00	0.28215
377.00	0.29389
378.00	0.30563
379.00	0.31770
380.00	0.32977
381.00	0.34268
382.00	0.35559
383.00	0.36908
384.00	0.38257
385.00	0.39705
386.00	0.41153
387.00	0.42566
388.00	0.43979
389.00	0.45484
390.00	0.46988
391.00	0.48545
392.00	0.50102
393.00	0.51614
394.00	0.53126
395.00	0.54708
396.00	0.56291
397.00	0.57874
398.00	0.59456
399.00	0.60926
400.00	0.62396
401.00	0.63907
402.00	0.65418
403.00	0.66989
404.00	0.68559
405.00	0.69940
406.00	0.71320
407.00	0.72621
408.00	0.73923
409.00	0.75224
410.00	0.76524
411.00	0.77697
412.00	0.78870
413.00	0.79918
414.00	0.80967
415.00	0.81837
416.00	0.82708
417.00	0.83508
418.00	0.84308
419.00	0.84992
420.00	0.85675
421.00	0.86177
422.00	0.86678
423.00	0.86960
424.00	0.87242
425.00	0.87320
426.00	0.87398
427.00	0.87290
428.00	0.87182
429.00	0.86853
430.00	0.86523
431.00	0.85984
432.00	0.85445
433.00	0.84616
434.00	0.83787
435.00	0.82685
436.00	0.81582
437.00	0.80303
438.00	0.79023
439.00	0.77370
440.00	0.75717
441.00	0.74030
442.00	0.72344
443.00	0.70488
444.00	0.68633
445.00	0.66624
446.00	0.64616
447.00	0.62458
448.00	0.60301
449.00	0.58039
450.00	0.55777
451.00	0.53569
452.00	0.51361
453.00	0.49016
454.00	0.46670
455.00	0.44361
456.00	0.42052
457.00	0.39795
458.00	0.37538
459.00	0.35560
460.00	0.33582
461.00	0.31610
462.00	0.29639
463.00	0.27623
464.00	0.25607
465.00	0.23997
466.00	0.22387
467.00	0.20963
468.00	0.19540
469.00	0.18151
470.00	0.16762
471.00	0.15389
472.00	0.14016
473.00	0.12860
474.00	0.11703
475.00	0.10759
476.00	0.098159
477.00	0.089986
478.00	0.081814
479.00	0.074503
480.00	0.067192
481.00	0.061339
482.00	0.055486
483.00	0.047665
484.00	0.039845
485.00	0.036546
486.00	0.033247
487.00	0.031770
488.00	0.030294
489.00	0.028146
490.00	0.025998
491.00	0.023756
492.00	0.021514
493.00	0.019307
494.00	0.017099
495.00	0.015616
496.00	0.014132
497.00	0.013020
498.00	0.011909
499.00	0.010958
500.00	0.010007
501.00	0.0093393
502.00	0.0086715
503.00	0.0082641
504.00	0.0078566
505.00	0.0078747
506.00	0.0078928
507.00	0.0075830
508.00	0.0072732
509.00	0.0072154
510.00	0.0071575
511.00	0.0071141
512.00	0.0070707
513.00	0.0072130
514.00	0.0073552
515.00	0.0073239
516.00	0.0072925
517.00	0.0073130
518.00	0.0073335
519.00	0.0074372
520.00	0.0075408
521.00	0.0077253
522.00	0.0079097
523.00	0.0078289
524.00	0.0077482
525.00	0.0077916
526.00	0.0078349
527.00	0.0078735
528.00	0.0079121
529.00	0.0078952
530.00	0.0078783
531.00	0.0077409
532.00	0.0076035
533.00	0.0074685
534.00	0.0073335
535.00	0.0074239
536.00	0.0075143
537.00	0.0074565
538.00	0.0073986
539.00	0.0073769
540.00	0.0073552
541.00	0.0074167
542.00	0.0074782
543.00	0.0074818
544.00	0.0074854
545.00	0.0073673
546.00	0.0072491
547.00	0.0073431
548.00	0.0074372
549.00	0.0075794
550.00	0.0077216
551.00	0.0076638
552.00	0.0076059
553.00	0.0076324
554.00	0.0076590
555.00	0.0076855
556.00	0.0077120
557.00	0.0078325
558.00	0.0079531
559.00	0.0078542
560.00	0.0077554
561.00	0.0077879
562.00	0.0078205
563.00	0.0078036
564.00	0.0077867
565.00	0.0075951
566.00	0.0074034
567.00	0.0064536
568.00	0.0055037
569.00	0.0047070
570.00	0.0039102
571.00	0.0034763
572.00	0.0030424
573.00	0.0028146
574.00	0.0025867
575.00	0.0021154
576.00	0.0016441
577.00	0.0017888
578.00	0.0019334
579.00	0.0023335
580.00	0.0022279
581.00	0.0022893
582.00	0.0021287
583.00	0.0022962
584.00	0.0024638
585.00	0.0026591
586.00	0.0028543
587.00	0.0034739
588.00	0.0040935
589.00	0.0046286
590.00	0.0028926
591.00	0.0037597
592.00	0.0043779
593.00	0.0042417
594.00	0.0041055
595.00	0.0044900
596.00	0.0048745
597.00	0.0048311
598.00	0.0047878
599.00	0.0046636
600.00	0.0045394
