Wavelength (nm)	254 ZnC2 (SE264) DH.abs
350.00	0.11171
350.20	0.10985
350.40	0.11061
350.60	0.10975
350.80	0.11066
351.00	0.11196
351.20	0.11021
351.40	0.11082
351.60	0.11128
351.80	0.11042
352.00	0.11094
352.20	0.11117
352.40	0.11137
352.60	0.11048
352.80	0.11157
353.00	0.11153
353.20	0.11207
353.40	0.11241
353.60	0.11135
353.80	0.11147
354.00	0.11229
354.20	0.11328
354.40	0.11176
354.60	0.11304
354.80	0.11325
355.00	0.11314
355.20	0.11332
355.40	0.11367
355.60	0.11301
355.80	0.11306
356.00	0.11466
356.20	0.11395
356.40	0.11438
356.60	0.11412
356.80	0.11580
357.00	0.11533
357.20	0.11518
357.40	0.11624
357.60	0.11503
357.80	0.11549
358.00	0.11615
358.20	0.11601
358.40	0.11589
358.60	0.11669
358.80	0.11762
359.00	0.11740
359.20	0.11745
359.40	0.11782
359.60	0.11842
359.80	0.11826
360.00	0.11865
360.20	0.11913
360.40	0.11868
360.60	0.11903
360.80	0.11923
361.00	0.11926
361.20	0.11977
361.40	0.12033
361.60	0.11969
361.80	0.11940
362.00	0.12217
362.20	0.12154
362.40	0.12104
362.60	0.12194
362.80	0.12326
363.00	0.12231
363.20	0.12289
363.40	0.12379
363.60	0.12335
363.80	0.12345
364.00	0.12493
364.20	0.12451
364.40	0.12471
364.60	0.12531
364.80	0.12580
365.00	0.12537
365.20	0.12560
365.40	0.12674
365.60	0.12670
365.80	0.12650
366.00	0.12765
366.20	0.12679
366.40	0.12708
366.60	0.12783
366.80	0.12818
367.00	0.12812
367.20	0.12852
367.40	0.12844
367.60	0.12918
367.80	0.12891
368.00	0.12945
368.20	0.13011
368.40	0.12940
368.60	0.13015
368.80	0.13072
369.00	0.12995
369.20	0.13027
369.40	0.13079
369.60	0.13053
369.80	0.13075
370.00	0.13120
370.20	0.13116
370.40	0.13188
370.60	0.13219
370.80	0.13191
371.00	0.13267
371.20	0.13273
371.40	0.13246
371.60	0.13247
371.80	0.13365
372.00	0.13350
372.20	0.13278
372.40	0.13294
372.60	0.13337
372.80	0.13401
373.00	0.13330
373.20	0.13345
373.40	0.13309
373.60	0.13297
373.80	0.13352
374.00	0.13392
374.20	0.13307
374.40	0.13391
374.60	0.13407
374.80	0.13412
375.00	0.13389
375.20	0.13510
375.40	0.13439
375.60	0.13361
375.80	0.13483
376.00	0.13481
376.20	0.13454
376.40	0.13547
376.60	0.13575
376.80	0.13541
377.00	0.13526
377.20	0.13626
377.40	0.13595
377.60	0.13582
377.80	0.13629
378.00	0.13677
378.20	0.13631
378.40	0.13684
378.60	0.13671
378.80	0.13665
379.00	0.13670
379.20	0.13723
379.40	0.13769
379.60	0.13716
379.80	0.13777
380.00	0.13906
380.20	0.13793
380.40	0.13865
380.60	0.13898
380.80	0.13926
381.00	0.13929
381.20	0.13959
381.40	0.14030
381.60	0.13964
381.80	0.14030
382.00	0.14149
382.20	0.14057
382.40	0.14154
382.60	0.14241
382.80	0.14211
383.00	0.14210
383.20	0.14338
383.40	0.14381
383.60	0.14399
383.80	0.14481
384.00	0.14482
384.20	0.14553
384.40	0.14582
384.60	0.14732
384.80	0.14743
385.00	0.14760
385.20	0.14835
385.40	0.14955
385.60	0.14981
385.80	0.15074
386.00	0.15213
386.20	0.15225
386.40	0.15343
386.60	0.15467
386.80	0.15489
387.00	0.15595
387.20	0.15757
387.40	0.15801
387.60	0.15894
387.80	0.15982
388.00	0.16229
388.20	0.16246
388.40	0.16379
388.60	0.16560
388.80	0.16648
389.00	0.16742
389.20	0.16961
389.40	0.17115
389.60	0.17226
389.80	0.17361
390.00	0.17530
390.20	0.17681
390.40	0.17834
390.60	0.18150
390.80	0.18301
391.00	0.18441
391.20	0.18628
391.40	0.18804
391.60	0.18983
391.80	0.19169
392.00	0.19454
392.20	0.19613
392.40	0.19778
392.60	0.20078
392.80	0.20280
393.00	0.20466
393.20	0.20772
393.40	0.20941
393.60	0.21163
393.80	0.21375
394.00	0.21611
394.20	0.21813
394.40	0.22034
394.60	0.22395
394.80	0.22659
395.00	0.22856
395.20	0.23149
395.40	0.23416
395.60	0.23605
395.80	0.23926
396.00	0.24264
396.20	0.24444
396.40	0.24676
396.60	0.24997
396.80	0.25233
397.00	0.25486
397.20	0.25830
397.40	0.26086
397.60	0.26335
397.80	0.26633
398.00	0.26938
398.20	0.27143
398.40	0.27365
398.60	0.27703
398.80	0.27945
399.00	0.28185
399.20	0.28463
399.40	0.28737
399.60	0.28918
399.80	0.29215
400.00	0.29483
400.20	0.29689
400.40	0.29888
400.60	0.30195
400.80	0.30398
401.00	0.30599
401.20	0.30834
401.40	0.31063
401.60	0.31182
401.80	0.31443
402.00	0.31755
402.20	0.31863
402.40	0.32050
402.60	0.32283
402.80	0.32405
403.00	0.32515
403.20	0.32754
403.40	0.33049
403.60	0.33154
403.80	0.33296
404.00	0.33489
404.20	0.33615
404.40	0.33740
404.60	0.34000
404.80	0.34074
405.00	0.34232
405.20	0.34405
405.40	0.34584
405.60	0.34642
405.80	0.34816
406.00	0.35028
406.20	0.35145
406.40	0.35247
406.60	0.35474
406.80	0.35617
407.00	0.35750
407.20	0.35931
407.40	0.36175
407.60	0.36293
407.80	0.36415
408.00	0.36635
408.20	0.36744
408.40	0.36999
408.60	0.37233
408.80	0.37395
409.00	0.37573
409.20	0.37790
409.40	0.38113
409.60	0.38259
409.80	0.38471
410.00	0.38888
410.20	0.39116
410.40	0.39430
410.60	0.39643
410.80	0.40001
411.00	0.40267
411.20	0.40651
411.40	0.41071
411.60	0.41387
411.80	0.41798
412.00	0.42227
412.20	0.42625
412.40	0.43034
412.60	0.43559
412.80	0.44058
413.00	0.44519
413.20	0.45109
413.40	0.45601
413.60	0.46133
413.80	0.46724
414.00	0.47350
414.20	0.47965
414.40	0.48577
414.60	0.49207
414.80	0.49968
415.00	0.50604
415.20	0.51330
415.40	0.52130
415.60	0.52835
415.80	0.53583
416.00	0.54449
416.20	0.55251
416.40	0.56079
416.60	0.56989
416.80	0.57900
417.00	0.58797
417.20	0.59678
417.40	0.60714
417.60	0.61626
417.80	0.62586
418.00	0.63670
418.20	0.64663
418.40	0.65654
418.60	0.66701
418.80	0.67857
419.00	0.68869
419.20	0.69988
419.40	0.71057
419.60	0.72149
419.80	0.73334
420.00	0.74459
420.20	0.75537
420.40	0.76670
420.60	0.77848
420.80	0.78916
421.00	0.80029
421.20	0.81149
421.40	0.82280
421.60	0.83340
421.80	0.84416
422.00	0.85517
422.20	0.86556
422.40	0.87525
422.60	0.88480
422.80	0.89515
423.00	0.90447
423.20	0.91341
423.40	0.92340
423.60	0.93150
423.80	0.93883
424.00	0.94758
424.20	0.95440
424.40	0.96054
424.60	0.96738
424.80	0.97343
425.00	0.97835
425.20	0.98258
425.40	0.98782
425.60	0.99153
425.80	0.99390
426.00	0.99662
426.20	0.99820
426.40	0.99999
426.60	0.99983
426.80	0.99980
427.00	0.99917
427.20	0.99746
427.40	0.99567
427.60	0.99294
427.80	0.98939
428.00	0.98572
428.20	0.98157
428.40	0.97504
428.60	0.96991
428.80	0.96395
429.00	0.95624
429.20	0.94878
429.40	0.94139
429.60	0.93241
429.80	0.92296
430.00	0.91378
430.20	0.90385
430.40	0.89262
430.60	0.88150
430.80	0.87036
431.00	0.85899
431.20	0.84623
431.40	0.83464
431.60	0.82141
431.80	0.80841
432.00	0.79570
432.20	0.78241
432.40	0.76796
432.60	0.75446
432.80	0.74100
433.00	0.72697
433.20	0.71215
433.40	0.69890
433.60	0.68454
433.80	0.67018
434.00	0.65610
434.20	0.64232
434.40	0.62723
434.60	0.61342
434.80	0.59964
435.00	0.58518
435.20	0.57159
435.40	0.55853
435.60	0.54473
435.80	0.53140
436.00	0.51827
436.20	0.50547
436.40	0.49129
436.60	0.47876
436.80	0.46644
437.00	0.45405
437.20	0.44187
437.40	0.43065
437.60	0.41905
437.80	0.40672
438.00	0.39612
438.20	0.38563
438.40	0.37394
438.60	0.36352
438.80	0.35313
439.00	0.34361
439.20	0.33346
439.40	0.32470
439.60	0.31508
439.80	0.30537
440.00	0.29651
440.20	0.28918
440.40	0.27984
440.60	0.27118
440.80	0.26405
441.00	0.25635
441.20	0.24783
441.40	0.24131
441.60	0.23461
441.80	0.22697
442.00	0.21996
442.20	0.21415
442.40	0.20782
442.60	0.20164
442.80	0.19622
443.00	0.19006
443.20	0.18384
443.40	0.17910
443.60	0.17366
443.80	0.16835
444.00	0.16398
444.20	0.15924
444.40	0.15442
444.60	0.14972
444.80	0.14585
445.00	0.14185
445.20	0.13708
445.40	0.13408
445.60	0.12996
445.80	0.12644
446.00	0.12313
446.20	0.11996
446.40	0.11639
446.60	0.11336
446.80	0.11076
447.00	0.10770
447.20	0.10457
447.40	0.10198
447.60	0.099660
447.80	0.096520
448.00	0.093850
448.20	0.092060
448.40	0.090290
448.60	0.087530
448.80	0.086260
449.00	0.084030
449.20	0.081780
449.40	0.080260
449.60	0.078060
449.80	0.076100
450.00	0.074200
450.20	0.073390
450.40	0.071350
450.60	0.069340
450.80	0.068710
451.00	0.066690
451.20	0.064730
451.40	0.064530
451.60	0.062990
451.80	0.061250
452.00	0.060020
452.20	0.059280
452.40	0.057860
452.60	0.056650
452.80	0.055760
453.00	0.054780
453.20	0.052990
453.40	0.053050
453.60	0.052400
453.80	0.050870
454.00	0.049330
454.20	0.049280
454.40	0.047910
454.60	0.047080
454.80	0.046430
455.00	0.046050
455.20	0.044860
455.40	0.044310
455.60	0.043820
455.80	0.043010
456.00	0.042090
456.20	0.041410
456.40	0.040870
456.60	0.039410
456.80	0.039680
457.00	0.038870
457.20	0.038260
457.40	0.037420
457.60	0.037490
457.80	0.036620
458.00	0.035780
458.20	0.035720
458.40	0.034730
458.60	0.034210
458.80	0.034520
459.00	0.034150
459.20	0.032430
459.40	0.033080
459.60	0.032560
459.80	0.031470
460.00	0.031570
460.20	0.030950
460.40	0.031010
460.60	0.030500
460.80	0.029880
461.00	0.030050
461.20	0.029370
461.40	0.028950
461.60	0.028820
461.80	0.027890
462.00	0.027400
462.20	0.027620
462.40	0.027150
462.60	0.026570
462.80	0.026380
463.00	0.025630
463.20	0.025230
463.40	0.025810
463.60	0.025350
463.80	0.024770
464.00	0.024440
464.20	0.024310
464.40	0.024420
464.60	0.023520
464.80	0.023640
465.00	0.023350
465.20	0.022800
465.40	0.023080
465.60	0.022890
465.80	0.022430
466.00	0.021700
466.20	0.022330
466.40	0.022340
466.60	0.021300
466.80	0.021070
467.00	0.021660
467.20	0.021030
467.40	0.020850
467.60	0.021010
467.80	0.020740
468.00	0.020100
468.20	0.020280
468.40	0.020060
468.60	0.019670
468.80	0.019800
469.00	0.019380
469.20	0.019420
469.40	0.019380
469.60	0.019450
469.80	0.018830
470.00	0.018650
470.20	0.018890
470.40	0.019000
470.60	0.018290
470.80	0.018640
471.00	0.018550
471.20	0.018320
471.40	0.018130
471.60	0.018650
471.80	0.018380
472.00	0.018060
472.20	0.018290
472.40	0.018700
472.60	0.018250
472.80	0.018090
473.00	0.018010
473.20	0.017920
473.40	0.018150
473.60	0.017630
473.80	0.018140
474.00	0.017110
474.20	0.018060
474.40	0.018340
474.60	0.017150
474.80	0.017930
475.00	0.018350
475.20	0.017690
475.40	0.017330
475.60	0.018050
475.80	0.017990
476.00	0.017340
476.20	0.018000
476.40	0.017750
476.60	0.017650
476.80	0.018240
477.00	0.018140
477.20	0.017550
477.40	0.017730
477.60	0.018260
477.80	0.017770
478.00	0.017690
478.20	0.018190
478.40	0.018220
478.60	0.017560
478.80	0.018050
479.00	0.018390
479.20	0.018230
479.40	0.017690
479.60	0.017910
479.80	0.018180
480.00	0.018040
480.20	0.018150
480.40	0.018330
480.60	0.017830
480.80	0.017570
481.00	0.018450
481.20	0.017850
481.40	0.017640
481.60	0.018020
481.80	0.018040
482.00	0.017930
482.20	0.017720
482.40	0.018040
482.60	0.017470
482.80	0.017980
483.00	0.017890
483.20	0.018020
483.40	0.017320
483.60	0.018390
483.80	0.017620
484.00	0.017660
484.20	0.017560
484.40	0.018640
484.60	0.017270
484.80	0.017180
485.00	0.017670
485.20	0.017650
485.40	0.017580
485.60	0.017820
485.80	0.017280
486.00	0.017180
486.20	0.017550
486.40	0.017490
486.60	0.017230
486.80	0.017380
487.00	0.017430
487.20	0.017410
487.40	0.017390
487.60	0.017500
487.80	0.017120
488.00	0.016790
488.20	0.017010
488.40	0.017260
488.60	0.017100
488.80	0.016760
489.00	0.016530
489.20	0.017270
489.40	0.016640
489.60	0.017220
489.80	0.017060
490.00	0.016460
490.20	0.016740
490.40	0.016810
490.60	0.016580
490.80	0.016540
491.00	0.016800
491.20	0.016700
491.40	0.016150
491.60	0.016560
491.80	0.016220
492.00	0.016010
492.20	0.016000
492.40	0.016250
492.60	0.015870
492.80	0.016010
493.00	0.016560
493.20	0.015930
493.40	0.015230
493.60	0.016280
493.80	0.016070
494.00	0.015320
494.20	0.016070
494.40	0.015930
494.60	0.015800
494.80	0.015050
495.00	0.016000
495.20	0.015690
495.40	0.015140
495.60	0.015400
495.80	0.015240
496.00	0.015050
496.20	0.015200
496.40	0.015690
496.60	0.014900
496.80	0.014840
497.00	0.015710
497.20	0.015720
497.40	0.015120
497.60	0.015190
497.80	0.015210
498.00	0.014680
498.20	0.015280
498.40	0.015400
498.60	0.015360
498.80	0.014840
499.00	0.015600
499.20	0.014670
499.40	0.014140
499.60	0.014960
499.80	0.015480
500.00	0.015100
500.20	0.015470
500.40	0.015720
500.60	0.015540
500.80	0.015460
501.00	0.015920
501.20	0.015910
501.40	0.015450
501.60	0.015530
501.80	0.016370
502.00	0.015920
502.20	0.015900
502.40	0.016240
502.60	0.015850
502.80	0.015830
503.00	0.016960
503.20	0.016190
503.40	0.015760
503.60	0.016520
503.80	0.017330
504.00	0.016900
504.20	0.017630
504.40	0.017420
504.60	0.017830
504.80	0.017350
505.00	0.018120
505.20	0.018430
505.40	0.018290
505.60	0.018600
505.80	0.019010
506.00	0.018730
506.20	0.018960
506.40	0.019630
506.60	0.019510
506.80	0.019450
507.00	0.019870
507.20	0.020600
507.40	0.020330
507.60	0.020590
507.80	0.021120
508.00	0.021180
508.20	0.021510
508.40	0.022160
508.60	0.022160
508.80	0.022000
509.00	0.022360
509.20	0.022690
509.40	0.022890
509.60	0.022960
509.80	0.023560
510.00	0.024050
510.20	0.023880
510.40	0.024080
510.60	0.024210
510.80	0.024600
511.00	0.025510
511.20	0.025210
511.40	0.025170
511.60	0.025340
511.80	0.026380
512.00	0.026100
512.20	0.026170
512.40	0.026990
512.60	0.026850
512.80	0.026970
513.00	0.027190
513.20	0.028120
513.40	0.027560
513.60	0.028390
513.80	0.028660
514.00	0.028130
514.20	0.028650
514.40	0.029210
514.60	0.028810
514.80	0.028620
515.00	0.029280
515.20	0.029890
515.40	0.029380
515.60	0.029780
515.80	0.030230
516.00	0.030200
516.20	0.029940
516.40	0.030900
516.60	0.030910
516.80	0.030380
517.00	0.030820
517.20	0.031090
517.40	0.031170
517.60	0.031120
517.80	0.031970
518.00	0.031080
518.20	0.031300
518.40	0.031290
518.60	0.031600
518.80	0.031520
519.00	0.031150
519.20	0.031660
519.40	0.031470
519.60	0.032040
519.80	0.032210
520.00	0.031630
520.20	0.031380
520.40	0.031880
520.60	0.031980
520.80	0.031510
521.00	0.031740
521.20	0.031870
521.40	0.031730
521.60	0.031550
521.80	0.031710
522.00	0.031130
522.20	0.030780
522.40	0.030820
522.60	0.031020
522.80	0.030600
523.00	0.030670
523.20	0.031000
523.40	0.030700
523.60	0.030210
523.80	0.030880
524.00	0.030210
524.20	0.029790
524.40	0.029950
524.60	0.030230
524.80	0.029940
525.00	0.029750
525.20	0.029840
525.40	0.029650
525.60	0.029050
525.80	0.029700
526.00	0.028960
526.20	0.028490
526.40	0.028540
526.60	0.028430
526.80	0.027800
527.00	0.028150
527.20	0.028210
527.40	0.027620
527.60	0.027370
527.80	0.027410
528.00	0.027200
528.20	0.026830
528.40	0.026880
528.60	0.026620
528.80	0.026370
529.00	0.026350
529.20	0.025960
529.40	0.025720
529.60	0.025540
529.80	0.025080
530.00	0.025380
530.20	0.024400
530.40	0.024410
530.60	0.024500
530.80	0.024320
531.00	0.023750
531.20	0.023910
531.40	0.023850
531.60	0.023110
531.80	0.023450
532.00	0.022980
532.20	0.022650
532.40	0.022500
532.60	0.022210
532.80	0.021550
533.00	0.021610
533.20	0.021750
533.40	0.021470
533.60	0.021160
533.80	0.021200
534.00	0.021130
534.20	0.020230
534.40	0.020750
534.60	0.020380
534.80	0.020150
535.00	0.020020
535.20	0.020260
535.40	0.019640
535.60	0.019140
535.80	0.019110
536.00	0.019040
536.20	0.018890
536.40	0.018260
536.60	0.018450
536.80	0.018210
537.00	0.018330
537.20	0.018530
537.40	0.017930
537.60	0.017730
537.80	0.018240
538.00	0.017510
538.20	0.016980
538.40	0.017910
538.60	0.017290
538.80	0.017330
539.00	0.017110
539.20	0.017220
539.40	0.017040
539.60	0.016470
539.80	0.017000
540.00	0.017130
540.20	0.016470
540.40	0.016690
540.60	0.017060
540.80	0.016530
541.00	0.016690
541.20	0.017020
541.40	0.016720
541.60	0.016410
541.80	0.017030
542.00	0.016940
542.20	0.016550
542.40	0.016940
542.60	0.017290
542.80	0.016930
543.00	0.017110
543.20	0.017140
543.40	0.016830
543.60	0.017290
543.80	0.017400
544.00	0.017300
544.20	0.017220
544.40	0.017400
544.60	0.017980
544.80	0.017970
545.00	0.017530
545.20	0.018140
545.40	0.017810
545.60	0.017840
545.80	0.018160
546.00	0.018450
546.20	0.018540
546.40	0.018620
546.60	0.019350
546.80	0.019390
547.00	0.019190
547.20	0.019720
547.40	0.019970
547.60	0.019700
547.80	0.019730
548.00	0.020400
548.20	0.020200
548.40	0.020540
548.60	0.021110
548.80	0.020790
549.00	0.021030
549.20	0.021340
549.40	0.021560
549.60	0.021150
549.80	0.022000
550.00	0.022570
550.20	0.022130
550.40	0.022620
550.60	0.022670
550.80	0.022800
551.00	0.022940
551.20	0.023280
551.40	0.023740
551.60	0.022900
551.80	0.023850
552.00	0.023790
552.20	0.024040
552.40	0.024450
552.60	0.024550
552.80	0.024530
553.00	0.024540
553.20	0.025430
553.40	0.025000
553.60	0.024740
553.80	0.024980
554.00	0.025500
554.20	0.025630
554.40	0.025810
554.60	0.026250
554.80	0.025700
555.00	0.025660
555.20	0.026100
555.40	0.026440
555.60	0.025770
555.80	0.026590
556.00	0.026910
556.20	0.026660
556.40	0.026240
556.60	0.027160
556.80	0.026700
557.00	0.027130
557.20	0.027160
557.40	0.027720
557.60	0.026690
557.80	0.026960
558.00	0.027470
558.20	0.027210
558.40	0.027430
558.60	0.027600
558.80	0.027330
559.00	0.027480
559.20	0.027400
559.40	0.027590
559.60	0.027360
559.80	0.027420
560.00	0.028150
560.20	0.027390
560.40	0.027440
560.60	0.027780
560.80	0.027680
561.00	0.028020
561.20	0.027760
561.40	0.027760
561.60	0.027260
561.80	0.027310
562.00	0.028330
562.20	0.028180
562.40	0.027650
562.60	0.027790
562.80	0.027940
563.00	0.027660
563.20	0.027700
563.40	0.028260
563.60	0.027600
563.80	0.027720
564.00	0.027810
564.20	0.027330
564.40	0.027050
564.60	0.027710
564.80	0.027200
565.00	0.026750
565.20	0.027230
565.40	0.026700
565.60	0.026720
565.80	0.026970
566.00	0.027170
566.20	0.026550
566.40	0.026520
566.60	0.026420
566.80	0.026560
567.00	0.025720
567.20	0.025970
567.40	0.026090
567.60	0.025640
567.80	0.025200
568.00	0.025860
568.20	0.025360
568.40	0.025440
568.60	0.025060
568.80	0.025260
569.00	0.024630
569.20	0.024500
569.40	0.024550
569.60	0.024160
569.80	0.024210
570.00	0.023940
570.20	0.023750
570.40	0.023620
570.60	0.023610
570.80	0.023170
571.00	0.023110
571.20	0.023500
571.40	0.023260
571.60	0.022680
571.80	0.022340
572.00	0.022840
572.20	0.022400
572.40	0.021740
572.60	0.022310
572.80	0.021700
573.00	0.021790
573.20	0.021570
573.40	0.021400
573.60	0.020860
573.80	0.020710
574.00	0.020900
574.20	0.021240
574.40	0.020550
574.60	0.021160
574.80	0.020540
575.00	0.020430
575.20	0.020520
575.40	0.020560
575.60	0.020400
575.80	0.020390
576.00	0.020220
576.20	0.019850
576.40	0.019710
576.60	0.020210
576.80	0.019870
577.00	0.019650
577.20	0.019880
577.40	0.020720
577.60	0.019660
577.80	0.019850
578.00	0.020090
578.20	0.020080
578.40	0.019610
578.60	0.019380
578.80	0.020230
579.00	0.019710
579.20	0.019870
579.40	0.020300
579.60	0.020170
579.80	0.020260
580.00	0.020540
580.20	0.020680
580.40	0.020360
580.60	0.020810
580.80	0.020940
581.00	0.020430
581.20	0.020960
581.40	0.021720
581.60	0.021110
581.80	0.021410
582.00	0.022370
582.20	0.022190
582.40	0.022270
582.60	0.022590
582.80	0.023320
583.00	0.023320
583.20	0.023680
583.40	0.024300
583.60	0.024570
583.80	0.024590
584.00	0.025590
584.20	0.025630
584.40	0.025810
584.60	0.027070
584.80	0.026920
585.00	0.027640
585.20	0.027960
585.40	0.028910
585.60	0.029430
585.80	0.029470
586.00	0.031060
586.20	0.031560
586.40	0.031730
586.60	0.032780
586.80	0.033700
587.00	0.033980
587.20	0.034900
587.40	0.035070
587.60	0.036220
587.80	0.036610
588.00	0.038220
588.20	0.038600
588.40	0.039370
588.60	0.040580
588.80	0.041470
589.00	0.041860
589.20	0.043250
589.40	0.044440
589.60	0.044520
589.80	0.045340
590.00	0.046380
590.20	0.047290
590.40	0.047600
590.60	0.049710
590.80	0.050390
591.00	0.051020
591.20	0.051830
591.40	0.053130
591.60	0.053120
591.80	0.054570
592.00	0.055510
592.20	0.056070
592.40	0.057030
592.60	0.058090
592.80	0.058790
593.00	0.059530
593.20	0.060410
593.40	0.061090
593.60	0.061640
593.80	0.062100
594.00	0.063030
594.20	0.063810
594.40	0.064310
594.60	0.065310
594.80	0.065770
595.00	0.066080
595.20	0.066440
595.40	0.067150
595.60	0.068280
595.80	0.067990
596.00	0.068520
596.20	0.069230
596.40	0.069640
596.60	0.069900
596.80	0.070660
597.00	0.069890
597.20	0.070600
597.40	0.071520
597.60	0.071560
597.80	0.071370
598.00	0.072020
598.20	0.072410
598.40	0.072060
598.60	0.071770
598.80	0.072690
599.00	0.071990
599.20	0.072240
599.40	0.072680
599.60	0.072340
599.80	0.072120
600.00	0.072610
600.20	0.072480
600.40	0.072140
600.60	0.072120
600.80	0.072560
601.00	0.072180
601.20	0.071910
601.40	0.072000
601.60	0.071700
601.80	0.071720
602.00	0.071600
602.20	0.071560
602.40	0.071080
602.60	0.071370
602.80	0.071010
603.00	0.070490
603.20	0.070130
603.40	0.070500
603.60	0.070060
603.80	0.070070
604.00	0.070020
604.20	0.070170
604.40	0.069250
604.60	0.069390
604.80	0.069430
605.00	0.068930
605.20	0.068780
605.40	0.068940
605.60	0.068650
605.80	0.067820
606.00	0.068100
606.20	0.067500
606.40	0.068000
606.60	0.067960
606.80	0.067810
607.00	0.066810
607.20	0.067150
607.40	0.066840
607.60	0.066340
607.80	0.066030
608.00	0.065910
608.20	0.065790
608.40	0.066100
608.60	0.065790
608.80	0.065720
609.00	0.065620
609.20	0.065330
609.40	0.064950
609.60	0.064860
609.80	0.064020
610.00	0.064050
610.20	0.064470
610.40	0.063850
610.60	0.063920
610.80	0.063660
611.00	0.063090
611.20	0.062920
611.40	0.063080
611.60	0.063320
611.80	0.062660
612.00	0.062790
612.20	0.062750
612.40	0.062430
612.60	0.062090
612.80	0.062100
613.00	0.062170
613.20	0.061650
613.40	0.061590
613.60	0.061720
613.80	0.060820
614.00	0.060750
614.20	0.060780
614.40	0.061180
614.60	0.061050
614.80	0.060480
615.00	0.060350
615.20	0.060120
615.40	0.059910
615.60	0.059830
615.80	0.059560
616.00	0.059520
616.20	0.059880
616.40	0.059620
616.60	0.059420
616.80	0.059540
617.00	0.059290
617.20	0.059000
617.40	0.059280
617.60	0.059270
617.80	0.058890
618.00	0.059320
618.20	0.059330
618.40	0.058660
618.60	0.059060
618.80	0.059370
619.00	0.058940
619.20	0.059020
619.40	0.059090
619.60	0.058950
619.80	0.058670
620.00	0.058980
620.20	0.059110
620.40	0.058620
620.60	0.058770
620.80	0.059170
621.00	0.058870
621.20	0.059140
621.40	0.059090
621.60	0.058940
621.80	0.058310
622.00	0.059320
622.20	0.059060
622.40	0.059490
622.60	0.059670
622.80	0.059240
623.00	0.059160
623.20	0.058760
623.40	0.059550
623.60	0.059730
623.80	0.058860
624.00	0.059300
624.20	0.059720
624.40	0.059160
624.60	0.060010
624.80	0.060160
625.00	0.059960
625.20	0.059760
625.40	0.060380
625.60	0.060480
625.80	0.060040
626.00	0.060750
626.20	0.061220
626.40	0.061090
626.60	0.060950
626.80	0.061460
627.00	0.061620
627.20	0.061310
627.40	0.061760
627.60	0.062050
627.80	0.061670
628.00	0.061940
628.20	0.063180
628.40	0.062840
628.60	0.063460
628.80	0.063900
629.00	0.064320
629.20	0.064830
629.40	0.065490
629.60	0.066190
629.80	0.066340
630.00	0.067650
630.20	0.068090
630.40	0.068660
630.60	0.068860
630.80	0.069730
631.00	0.070560
631.20	0.071120
631.40	0.071750
631.60	0.072930
631.80	0.073390
632.00	0.074580
632.20	0.075530
632.40	0.076250
632.60	0.077340
632.80	0.078820
633.00	0.080350
633.20	0.081140
633.40	0.082260
633.60	0.083940
633.80	0.084990
634.00	0.086600
634.20	0.088490
634.40	0.090100
634.60	0.091810
634.80	0.093660
635.00	0.095280
635.20	0.097940
635.40	0.10009
635.60	0.10297
635.80	0.10484
636.00	0.10718
636.20	0.11045
636.40	0.11352
636.60	0.11676
636.80	0.11936
637.00	0.12310
637.20	0.12611
637.40	0.13024
637.60	0.13394
637.80	0.13796
638.00	0.14186
638.20	0.14664
638.40	0.15145
638.60	0.15598
638.80	0.16156
639.00	0.16624
639.20	0.17187
639.40	0.17727
639.60	0.18375
639.80	0.18928
640.00	0.19583
640.20	0.20300
640.40	0.20966
640.60	0.21650
640.80	0.22412
641.00	0.23147
641.20	0.23929
641.40	0.24656
641.60	0.25477
641.80	0.26279
642.00	0.27181
642.20	0.28005
642.40	0.28928
642.60	0.29805
642.80	0.30781
643.00	0.31749
643.20	0.32687
643.40	0.33670
643.60	0.34679
643.80	0.35680
644.00	0.36663
644.20	0.37709
644.40	0.38741
644.60	0.39699
644.80	0.40784
645.00	0.41843
645.20	0.42787
645.40	0.43890
645.60	0.44890
645.80	0.45902
646.00	0.46901
646.20	0.47934
646.40	0.48904
646.60	0.49838
646.80	0.50807
647.00	0.51727
647.20	0.52658
647.40	0.53411
647.60	0.54311
647.80	0.55121
648.00	0.55903
648.20	0.56655
648.40	0.57382
648.60	0.58012
648.80	0.58676
649.00	0.59225
649.20	0.59760
649.40	0.60275
649.60	0.60663
649.80	0.61114
650.00	0.61433
650.20	0.61742
650.40	0.61965
650.60	0.62120
650.80	0.62249
651.00	0.62363
651.20	0.62342
651.40	0.62297
651.60	0.62207
651.80	0.62069
652.00	0.61811
652.20	0.61604
652.40	0.61237
652.60	0.60900
652.80	0.60440
653.00	0.59968
653.20	0.59485
653.40	0.58821
653.60	0.58281
653.80	0.57575
654.00	0.56834
654.20	0.56099
654.40	0.55290
654.60	0.54434
654.80	0.53565
655.00	0.52651
655.20	0.51683
655.40	0.50697
655.60	0.49763
655.80	0.48679
656.00	0.47643
656.20	0.46564
656.40	0.45523
656.60	0.44408
656.80	0.43333
657.00	0.42201
657.20	0.41103
657.40	0.39906
657.60	0.38763
657.80	0.37658
658.00	0.36527
658.20	0.35377
658.40	0.34282
658.60	0.33123
658.80	0.32000
659.00	0.30956
659.20	0.29818
659.40	0.28792
659.60	0.27737
659.80	0.26746
660.00	0.25697
660.20	0.24734
660.40	0.23758
660.60	0.22814
660.80	0.21870
661.00	0.21050
661.20	0.20142
661.40	0.19283
661.60	0.18534
661.80	0.17654
662.00	0.16889
662.20	0.16108
662.40	0.15427
662.60	0.14709
662.80	0.14061
663.00	0.13383
663.20	0.12722
663.40	0.12102
663.60	0.11555
663.80	0.11089
664.00	0.10503
664.20	0.10040
664.40	0.095490
664.60	0.090790
664.80	0.086490
665.00	0.082300
665.20	0.078050
665.40	0.074070
665.60	0.071030
665.80	0.067260
666.00	0.063880
666.20	0.060970
666.40	0.058060
666.60	0.055490
666.80	0.052600
667.00	0.049920
667.20	0.047630
667.40	0.045500
667.60	0.043670
667.80	0.041130
668.00	0.039640
668.20	0.038230
668.40	0.036250
668.60	0.034560
668.80	0.033180
669.00	0.031970
669.20	0.030130
669.40	0.029270
669.60	0.027450
669.80	0.026550
670.00	0.025610
670.20	0.024330
670.40	0.023330
670.60	0.022070
670.80	0.021920
671.00	0.021050
671.20	0.020180
671.40	0.019510
671.60	0.018920
671.80	0.018560
672.00	0.017630
672.20	0.016890
672.40	0.016390
672.60	0.015420
672.80	0.015260
673.00	0.014680
673.20	0.013780
673.40	0.013480
673.60	0.013630
673.80	0.012400
674.00	0.012650
674.20	0.011990
674.40	0.011640
674.60	0.011190
674.80	0.010910
675.00	0.010390
675.20	0.010100
675.40	0.0099700
675.60	0.010010
675.80	0.0096500
676.00	0.0092900
676.20	0.0089200
676.40	0.0083300
676.60	0.0082800
676.80	0.0082100
677.00	0.0079500
677.20	0.0076600
677.40	0.0070700
677.60	0.0079800
677.80	0.0075000
678.00	0.0071800
678.20	0.0068700
678.40	0.0070700
678.60	0.0071200
678.80	0.0066400
679.00	0.0065300
679.20	0.0065900
679.40	0.0062500
679.60	0.0066600
679.80	0.0065500
680.00	0.0061700
680.20	0.0059100
680.40	0.0062200
680.60	0.0057800
680.80	0.0054100
681.00	0.0054600
681.20	0.0058000
681.40	0.0053200
681.60	0.0051900
681.80	0.0047700
682.00	0.0044700
682.20	0.0049900
682.40	0.0046500
682.60	0.0047000
682.80	0.0045800
683.00	0.0042700
683.20	0.0042000
683.40	0.0038400
683.60	0.0037900
683.80	0.0044000
684.00	0.0036500
684.20	0.0038800
684.40	0.0038000
684.60	0.0035700
684.80	0.0035500
685.00	0.0035400
685.20	0.0038200
685.40	0.0033800
685.60	0.0036300
685.80	0.0035600
686.00	0.0032100
686.20	0.0028300
686.40	0.0035900
686.60	0.0033500
686.80	0.0023100
687.00	0.0029100
687.20	0.0030500
687.40	0.0026700
687.60	0.0031600
687.80	0.0023000
688.00	0.0027700
688.20	0.0029900
688.40	0.0030100
688.60	0.0027000
688.80	0.0029700
689.00	0.0028600
689.20	0.0030400
689.40	0.0027200
689.60	0.0029500
689.80	0.0033300
690.00	0.0031200
690.20	0.0030800
690.40	0.0030200
690.60	0.0031900
690.80	0.0027500
691.00	0.0029700
691.20	0.0030600
691.40	0.0028600
691.60	0.0027100
691.80	0.0032200
692.00	0.0026100
692.20	0.0024700
692.40	0.0030800
692.60	0.0029100
692.80	0.0029100
693.00	0.0030300
693.20	0.0036600
693.40	0.0036500
693.60	0.0033800
693.80	0.0036000
694.00	0.0035000
694.20	0.0029700
694.40	0.0034200
694.60	0.0034200
694.80	0.0027300
695.00	0.0037100
695.20	0.0032200
695.40	0.0032100
695.60	0.0035200
695.80	0.0032600
696.00	0.0031700
696.20	0.0025500
696.40	0.0025600
696.60	0.0025300
696.80	0.0024500
697.00	0.0026800
697.20	0.0031300
697.40	0.0022900
697.60	0.0023500
697.80	0.0025000
698.00	0.0023000
698.20	0.0023700
698.40	0.0026800
698.60	0.0022800
698.80	0.0025800
699.00	0.0028300
699.20	0.0025400
699.40	0.0022100
699.60	0.0025600
699.80	0.0029300
700.00	0.0024700
