Wavelength (nm)	L329 ZnC-Cm3,13 (SE337).abs

350.00	0.11244
350.20	0.11075
350.40	0.11055
350.60	0.11268
350.80	0.11742
351.00	0.11321
351.20	0.12045
351.40	0.11764
351.60	0.12011
351.80	0.11646
352.00	0.12143
352.20	0.11725
352.40	0.12166
352.60	0.12784
352.80	0.12708
353.00	0.12485
353.20	0.12934
353.40	0.13128
353.60	0.12822
353.80	0.12767
354.00	0.13093
354.20	0.13524
354.40	0.13152
354.60	0.13080
354.80	0.13890
355.00	0.13286
355.20	0.13550
355.40	0.13489
355.60	0.13606
355.80	0.13716
356.00	0.14063
356.20	0.13993
356.40	0.13697
356.60	0.13802
356.80	0.14396
357.00	0.13990
357.20	0.14067
357.40	0.14259
357.60	0.14165
357.80	0.14435
358.00	0.14296
358.20	0.14435
358.40	0.14220
358.60	0.14274
358.80	0.14445
359.00	0.14398
359.20	0.14571
359.40	0.14988
359.60	0.14559
359.80	0.14595
360.00	0.14795
360.20	0.14892
360.40	0.14831
360.60	0.15270
360.80	0.15326
361.00	0.15295
361.20	0.15340
361.40	0.15190
361.60	0.15376
361.80	0.14984
362.00	0.15304
362.20	0.15652
362.40	0.15467
362.60	0.15567
362.80	0.15928
363.00	0.15538
363.20	0.15502
363.40	0.15979
363.60	0.15936
363.80	0.15918
364.00	0.15802
364.20	0.15983
364.40	0.16033
364.60	0.15866
364.80	0.16531
365.00	0.15952
365.20	0.16093
365.40	0.16379
365.60	0.16443
365.80	0.16320
366.00	0.16485
366.20	0.16498
366.40	0.17015
366.60	0.16358
366.80	0.16904
367.00	0.16507
367.20	0.16523
367.40	0.16816
367.60	0.16817
367.80	0.16208
368.00	0.16559
368.20	0.16834
368.40	0.16368
368.60	0.16641
368.80	0.17147
369.00	0.17054
369.20	0.17133
369.40	0.17035
369.60	0.17136
369.80	0.17064
370.00	0.17211
370.20	0.17320
370.40	0.17041
370.60	0.17078
370.80	0.17088
371.00	0.16811
371.20	0.17237
371.40	0.17624
371.60	0.17115
371.80	0.17078
372.00	0.17364
372.20	0.17082
372.40	0.17195
372.60	0.17187
372.80	0.17402
373.00	0.17265
373.20	0.17241
373.40	0.17218
373.60	0.17423
373.80	0.17178
374.00	0.17446
374.20	0.17459
374.40	0.17572
374.60	0.17408
374.80	0.17558
375.00	0.17423
375.20	0.17730
375.40	0.17669
375.60	0.17459
375.80	0.17318
376.00	0.17901
376.20	0.17629
376.40	0.17435
376.60	0.17534
376.80	0.17589
377.00	0.17348
377.20	0.17451
377.40	0.17569
377.60	0.17704
377.80	0.17572
378.00	0.17489
378.20	0.17374
378.40	0.17484
378.60	0.17630
378.80	0.17464
379.00	0.17449
379.20	0.17772
379.40	0.17866
379.60	0.17608
379.80	0.17620
380.00	0.17720
380.20	0.17692
380.40	0.17528
380.60	0.17735
380.80	0.17938
381.00	0.17603
381.20	0.17931
381.40	0.17907
381.60	0.17810
381.80	0.17575
382.00	0.17994
382.20	0.17845
382.40	0.17738
382.60	0.17994
382.80	0.18228
383.00	0.17873
383.20	0.18140
383.40	0.18240
383.60	0.18161
383.80	0.18298
384.00	0.18415
384.20	0.18469
384.40	0.18245
384.60	0.18044
384.80	0.18452
385.00	0.18093
385.20	0.18393
385.40	0.18599
385.60	0.18407
385.80	0.18584
386.00	0.18942
386.20	0.18927
386.40	0.18799
386.60	0.19338
386.80	0.19846
387.00	0.19691
387.20	0.20058
387.40	0.20052
387.60	0.19955
387.80	0.20242
388.00	0.20736
388.20	0.20775
388.40	0.20656
388.60	0.21036
388.80	0.21386
389.00	0.21803
389.20	0.21633
389.40	0.22140
389.60	0.22334
389.80	0.21907
390.00	0.22318
390.20	0.22577
390.40	0.22525
390.60	0.22896
390.80	0.23237
391.00	0.23207
391.20	0.23344
391.40	0.24097
391.60	0.23831
391.80	0.24001
392.00	0.24482
392.20	0.24864
392.40	0.25018
392.60	0.25188
392.80	0.25517
393.00	0.25644
393.20	0.25966
393.40	0.26394
393.60	0.26505
393.80	0.26481
394.00	0.27262
394.20	0.27382
394.40	0.27282
394.60	0.27798
394.80	0.28101
395.00	0.28037
395.20	0.28191
395.40	0.28661
395.60	0.28932
395.80	0.28793
396.00	0.29368
396.20	0.29636
396.40	0.29620
396.60	0.29896
396.80	0.30400
397.00	0.30435
397.20	0.30585
397.40	0.30859
397.60	0.30977
397.80	0.31004
398.00	0.31411
398.20	0.31791
398.40	0.31542
398.60	0.31724
398.80	0.32296
399.00	0.31924
399.20	0.32019
399.40	0.32679
399.60	0.32616
399.80	0.32788
400.00	0.32862
400.20	0.33154
400.40	0.33061
400.60	0.33056
400.80	0.33620
401.00	0.33317
401.20	0.33384
401.40	0.33887
401.60	0.33733
401.80	0.33797
402.00	0.33952
402.20	0.34017
402.40	0.33802
402.60	0.34097
402.80	0.34397
403.00	0.34129
403.20	0.33992
403.40	0.34410
403.60	0.34519
403.80	0.34600
404.00	0.34380
404.20	0.34686
404.40	0.34688
404.60	0.34702
404.80	0.35047
405.00	0.35040
405.20	0.35096
405.40	0.35475
405.60	0.35587
405.80	0.35807
406.00	0.35894
406.20	0.36031
406.40	0.36199
406.60	0.36217
406.80	0.36871
407.00	0.36980
407.20	0.37071
407.40	0.37440
407.60	0.37909
407.80	0.37946
408.00	0.38547
408.20	0.38810
408.40	0.39198
408.60	0.39526
408.80	0.40084
409.00	0.40402
409.20	0.40625
409.40	0.41387
409.60	0.42197
409.80	0.41938
410.00	0.43146
410.20	0.43589
410.40	0.44451
410.60	0.44830
410.80	0.45890
411.00	0.46466
411.20	0.47029
411.40	0.47902
411.60	0.48716
411.80	0.49182
412.00	0.50030
412.20	0.51014
412.40	0.51621
412.60	0.52533
412.80	0.53812
413.00	0.54903
413.20	0.55498
413.40	0.56460
413.60	0.58106
413.80	0.58736
414.00	0.59915
414.20	0.61164
414.40	0.61886
414.60	0.63101
414.80	0.64557
415.00	0.65593
415.20	0.66477
415.40	0.67713
415.60	0.69440
415.80	0.70119
416.00	0.71197
416.20	0.72639
416.40	0.73654
416.60	0.74777
416.80	0.76403
417.00	0.77594
417.20	0.78540
417.40	0.79831
417.60	0.81093
417.80	0.82249
418.00	0.83449
418.20	0.84592
418.40	0.85660
418.60	0.86566
418.80	0.87904
419.00	0.88804
419.20	0.89690
419.40	0.90676
419.60	0.91800
419.80	0.92765
420.00	0.93424
420.20	0.94435
420.40	0.95004
420.60	0.95769
420.80	0.96472
421.00	0.96999
421.20	0.97516
421.40	0.98062
421.60	0.98658
421.80	0.99010
422.00	0.99058
422.20	0.99498
422.40	0.99579
422.60	0.99641
422.80	0.99934
423.00	1.00000
423.20	0.99597
423.40	0.99449
423.60	0.99457
423.80	0.98794
424.00	0.98306
424.20	0.97862
424.40	0.96835
424.60	0.96644
424.80	0.95998
425.00	0.95292
425.20	0.94210
425.40	0.93391
425.60	0.92732
425.80	0.91518
426.00	0.90362
426.20	0.89666
426.40	0.88203
426.60	0.86546
426.80	0.85827
427.00	0.84403
427.20	0.82755
427.40	0.81289
427.60	0.80051
427.80	0.78444
428.00	0.76678
428.20	0.75582
428.40	0.73724
428.60	0.71990
428.80	0.70650
429.00	0.69411
429.20	0.67344
429.40	0.65805
429.60	0.64111
429.80	0.62500
430.00	0.60435
430.20	0.59170
430.40	0.57581
430.60	0.55538
430.80	0.54157
431.00	0.52405
431.20	0.50537
431.40	0.49057
431.60	0.47595
431.80	0.45901
432.00	0.44364
432.20	0.43005
432.40	0.41573
432.60	0.39889
432.80	0.38582
433.00	0.37139
433.20	0.35526
433.40	0.34230
433.60	0.33268
433.80	0.31851
434.00	0.30254
434.20	0.29541
434.40	0.28368
434.60	0.27131
434.80	0.26163
435.00	0.25449
435.20	0.24414
435.40	0.23187
435.60	0.22587
435.80	0.21565
436.00	0.20601
436.20	0.20150
436.40	0.19364
436.60	0.18159
436.80	0.17146
437.00	0.16656
437.20	0.15775
437.40	0.15209
437.60	0.14872
437.80	0.14166
438.00	0.13176
438.20	0.12923
438.40	0.12561
438.60	0.11694
438.80	0.11443
439.00	0.10929
439.20	0.10650
439.40	0.10044
439.60	0.096892
439.80	0.095030
440.00	0.089353
440.20	0.088327
440.40	0.083715
440.60	0.076922
440.80	0.077171
441.00	0.076135
441.20	0.071026
441.40	0.064542
441.60	0.068137
441.80	0.065269
442.00	0.061026
442.20	0.059054
442.40	0.058496
442.60	0.054382
442.80	0.054831
443.00	0.052709
443.20	0.049323
443.40	0.049771
443.60	0.047082
443.80	0.046733
444.00	0.042161
444.20	0.042171
444.40	0.040956
444.60	0.038147
444.80	0.039831
445.00	0.039960
445.20	0.037032
445.40	0.033098
445.60	0.036783
445.80	0.036584
446.00	0.034512
446.20	0.035398
446.40	0.034323
446.60	0.030498
446.80	0.029741
447.00	0.032271
447.20	0.029094
447.40	0.025359
447.60	0.030747
447.80	0.029731
448.00	0.026145
448.20	0.027450
448.40	0.030179
448.60	0.024432
448.80	0.026863
449.00	0.028317
449.20	0.024771
449.40	0.022490
449.60	0.028765
449.80	0.025797
450.00	0.023267
450.20	0.024193
450.40	0.024163
450.60	0.019841
450.80	0.019841
451.00	0.023386
451.20	0.020010
451.40	0.020129
451.60	0.023127
451.80	0.022898
452.00	0.021733
452.20	0.022351
452.40	0.022600
452.60	0.022689
452.80	0.020627
453.00	0.025219
453.20	0.022470
453.40	0.021315
453.60	0.021484
453.80	0.021544
454.00	0.018735
454.20	0.022082
454.40	0.023825
454.60	0.020946
454.80	0.021683
455.00	0.021036
455.20	0.021056
455.40	0.020727
455.60	0.022390
455.80	0.021096
456.00	0.017380
456.20	0.018396
456.40	0.022739
456.60	0.019582
456.80	0.018685
457.00	0.019153
457.20	0.020398
457.40	0.018048
457.60	0.020120
457.80	0.020139
458.00	0.016922
458.20	0.019880
458.40	0.021624
458.60	0.018386
458.80	0.017201
459.00	0.020438
459.20	0.019681
459.40	0.018765
459.60	0.020757
459.80	0.020737
460.00	0.020030
460.20	0.019054
460.40	0.020578
460.60	0.018984
460.80	0.019064
461.00	0.017610
461.20	0.018865
461.40	0.019293
461.60	0.017888
461.80	0.020508
462.00	0.019044
462.20	0.017789
462.40	0.022251
462.60	0.019313
462.80	0.017739
463.00	0.020518
463.20	0.019841
463.40	0.019462
463.60	0.018078
463.80	0.018775
464.00	0.018436
464.20	0.017679
464.40	0.019303
464.60	0.017450
464.80	0.017191
465.00	0.020080
465.20	0.019960
465.40	0.017888
465.60	0.018167
465.80	0.020588
466.00	0.016006
466.20	0.018486
466.40	0.019532
466.60	0.018406
466.80	0.020000
467.00	0.018506
467.20	0.019114
467.40	0.016673
467.60	0.019492
467.80	0.018994
468.00	0.018127
468.20	0.020787
468.40	0.019811
468.60	0.018068
468.80	0.015867
469.00	0.019173
469.20	0.020498
469.40	0.018576
469.60	0.018496
469.80	0.020070
470.00	0.018506
470.20	0.016942
470.40	0.019691
470.60	0.016504
470.80	0.016424
471.00	0.017351
471.20	0.019482
471.40	0.018237
471.60	0.015378
471.80	0.019303
472.00	0.018078
472.20	0.018476
472.40	0.020339
472.60	0.018785
472.80	0.017749
473.00	0.021165
473.20	0.019412
473.40	0.017570
473.60	0.017231
473.80	0.020428
474.00	0.019731
474.20	0.018894
474.40	0.020179
474.60	0.018884
474.80	0.016733
475.00	0.020080
475.20	0.019572
475.40	0.018048
475.60	0.017629
475.80	0.018606
476.00	0.018645
476.20	0.019751
476.40	0.021165
476.60	0.020199
476.80	0.018944
477.00	0.022361
477.20	0.020259
477.40	0.021265
477.60	0.018944
477.80	0.020259
478.00	0.020727
478.20	0.017331
478.40	0.021305
478.60	0.020886
478.80	0.017181
479.00	0.019711
479.20	0.022600
479.40	0.019024
479.60	0.020070
479.80	0.021235
480.00	0.020339
480.20	0.017829
480.40	0.019512
480.60	0.022271
480.80	0.018297
481.00	0.020568
481.20	0.022729
481.40	0.020488
481.60	0.020020
481.80	0.020667
482.00	0.019861
482.20	0.019592
482.40	0.021424
482.60	0.020777
482.80	0.020388
483.00	0.019193
483.20	0.022729
483.40	0.019791
483.60	0.020697
483.80	0.021793
484.00	0.020707
484.20	0.019871
484.40	0.021793
484.60	0.021305
484.80	0.020080
485.00	0.020618
485.20	0.021135
485.40	0.021952
485.60	0.017639
485.80	0.022042
486.00	0.019821
486.20	0.018247
486.40	0.017789
486.60	0.021175
486.80	0.018446
487.00	0.021474
487.20	0.020139
487.40	0.020986
487.60	0.017141
487.80	0.021335
488.00	0.018765
488.20	0.019363
488.40	0.019492
488.60	0.019801
488.80	0.019522
489.00	0.018715
489.20	0.021594
489.40	0.017839
489.60	0.018217
489.80	0.019771
490.00	0.018566
490.20	0.018466
490.40	0.018805
490.60	0.022231
490.80	0.019114
491.00	0.018357
491.20	0.019900
491.40	0.020110
491.60	0.019353
491.80	0.018396
492.00	0.019920
492.20	0.017769
492.40	0.018486
492.60	0.016155
492.80	0.015598
493.00	0.014273
493.20	0.014293
493.40	0.015129
493.60	0.015020
493.80	0.015100
494.00	0.015428
494.20	0.012829
494.40	0.014044
494.60	0.013486
494.80	0.015697
495.00	0.015468
495.20	0.017859
495.40	0.018685
495.60	0.017849
495.80	0.019890
496.00	0.016464
496.20	0.017819
496.40	0.018337
496.60	0.019014
496.80	0.019532
497.00	0.021703
497.20	0.022311
497.40	0.020996
497.60	0.020817
497.80	0.020139
498.00	0.021853
498.20	0.020976
498.40	0.021793
498.60	0.021444
498.80	0.020239
499.00	0.017988
499.20	0.018845
499.40	0.018008
499.60	0.017689
499.80	0.016434
500.00	0.019661
500.20	0.017012
500.40	0.018187
500.60	0.019124
500.80	0.018765
501.00	0.018795
501.20	0.017878
501.40	0.019671
501.60	0.018546
501.80	0.016185
502.00	0.017898
502.20	0.017699
502.40	0.019133
502.60	0.019283
502.80	0.019622
503.00	0.019671
503.20	0.019970
503.40	0.021036
503.60	0.020538
503.80	0.019034
504.00	0.021116
504.20	0.020259
504.40	0.018197
504.60	0.020867
504.80	0.020448
505.00	0.021036
505.20	0.020558
505.40	0.020339
505.60	0.021345
505.80	0.021743
506.00	0.021663
506.20	0.019163
506.40	0.020697
506.60	0.022829
506.80	0.020110
507.00	0.019552
507.20	0.022729
507.40	0.022102
507.60	0.021733
507.80	0.021982
508.00	0.022341
508.20	0.024034
508.40	0.024532
508.60	0.021793
508.80	0.023436
509.00	0.022948
509.20	0.023894
509.40	0.022271
509.60	0.020418
509.80	0.021155
510.00	0.022490
510.20	0.021912
510.40	0.021355
510.60	0.022281
510.80	0.023725
511.00	0.024303
511.20	0.024920
511.40	0.024552
511.60	0.024432
511.80	0.024811
512.00	0.022072
512.20	0.023735
512.40	0.021265
512.60	0.024801
512.80	0.025289
513.00	0.023038
513.20	0.023516
513.40	0.026394
513.60	0.023486
513.80	0.027002
514.00	0.025956
514.20	0.024502
514.40	0.024831
514.60	0.026733
514.80	0.026703
515.00	0.025040
515.20	0.026783
515.40	0.026753
515.60	0.024223
515.80	0.024283
516.00	0.026444
516.20	0.025478
516.40	0.024890
516.60	0.026823
516.80	0.025508
517.00	0.024651
517.20	0.023894
517.40	0.024631
517.60	0.025189
517.80	0.025627
518.00	0.027779
518.20	0.025149
518.40	0.025767
518.60	0.024661
518.80	0.026912
519.00	0.025618
519.20	0.025627
519.40	0.024592
519.60	0.025857
519.80	0.024651
520.00	0.025677
520.20	0.025618
520.40	0.025269
520.60	0.028327
520.80	0.025249
521.00	0.024631
521.20	0.024512
521.40	0.025558
521.60	0.024602
521.80	0.025090
522.00	0.026962
522.20	0.024293
522.40	0.025309
522.60	0.024402
522.80	0.025369
523.00	0.023755
523.20	0.022849
523.40	0.024651
523.60	0.021853
523.80	0.024542
524.00	0.024074
524.20	0.023715
524.40	0.021335
524.60	0.024133
524.80	0.022908
525.00	0.025398
525.20	0.023257
525.40	0.022978
525.60	0.023625
525.80	0.021663
526.00	0.022430
526.20	0.023825
526.40	0.022341
526.60	0.022251
526.80	0.021295
527.00	0.022181
527.20	0.020926
527.40	0.020697
527.60	0.019960
527.80	0.019462
528.00	0.019841
528.20	0.019890
528.40	0.020448
528.60	0.020916
528.80	0.019243
529.00	0.020378
529.20	0.021026
529.40	0.018088
529.60	0.020906
529.80	0.017550
530.00	0.019382
530.20	0.019353
530.40	0.017659
530.60	0.017869
530.80	0.019094
531.00	0.017669
531.20	0.019124
531.40	0.018426
531.60	0.019721
531.80	0.018745
532.00	0.018536
532.20	0.016474
532.40	0.018606
532.60	0.018177
532.80	0.017181
533.00	0.016076
533.20	0.015727
533.40	0.017500
533.60	0.015667
533.80	0.016494
534.00	0.015598
534.20	0.016404
534.40	0.015777
534.60	0.016255
534.80	0.017759
535.00	0.014841
535.20	0.018108
535.40	0.015936
535.60	0.016145
535.80	0.016375
536.00	0.012978
536.20	0.015219
536.40	0.014432
536.60	0.015757
536.80	0.014034
537.00	0.015906
537.20	0.015468
537.40	0.015010
537.60	0.016693
537.80	0.015867
538.00	0.016922
538.20	0.017161
538.40	0.015767
538.60	0.016484
538.80	0.017261
539.00	0.015727
539.20	0.015817
539.40	0.015657
539.60	0.014452
539.80	0.016454
540.00	0.014064
540.20	0.014343
540.40	0.014363
540.60	0.016006
540.80	0.015707
541.00	0.015299
541.20	0.014283
541.40	0.014791
541.60	0.015847
541.80	0.013735
542.00	0.015687
542.20	0.014612
542.40	0.014412
542.60	0.015817
542.80	0.014442
543.00	0.014831
543.20	0.015916
543.40	0.016703
543.60	0.013167
543.80	0.017749
544.00	0.015010
544.20	0.017390
544.40	0.016096
544.60	0.019213
544.80	0.015149
545.00	0.015538
545.20	0.014402
545.40	0.015667
545.60	0.016345
545.80	0.015886
546.00	0.016614
546.20	0.015428
546.40	0.015508
546.60	0.016853
546.80	0.016524
547.00	0.017351
547.20	0.016145
547.40	0.016873
547.60	0.017659
547.80	0.017570
548.00	0.015847
548.20	0.016315
548.40	0.015438
548.60	0.016773
548.80	0.016205
549.00	0.017201
549.20	0.017580
549.40	0.017988
549.60	0.015259
549.80	0.017908
550.00	0.018625
550.20	0.018536
550.40	0.017729
550.60	0.018267
550.80	0.021713
551.00	0.018367
551.20	0.017490
551.40	0.017988
551.60	0.017590
551.80	0.018805
552.00	0.018247
552.20	0.019861
552.40	0.019602
552.60	0.019721
552.80	0.021165
553.00	0.020388
553.20	0.018406
553.40	0.022052
553.60	0.018456
553.80	0.020817
554.00	0.018964
554.20	0.020867
554.40	0.021514
554.60	0.021604
554.80	0.020647
555.00	0.024283
555.20	0.022988
555.40	0.025269
555.60	0.027211
555.80	0.024363
556.00	0.026564
556.20	0.024751
556.40	0.025618
556.60	0.025110
556.80	0.025408
557.00	0.027580
557.20	0.026384
557.40	0.026165
557.60	0.025697
557.80	0.025657
558.00	0.026086
558.20	0.024751
558.40	0.024293
558.60	0.024811
558.80	0.027799
559.00	0.026384
559.20	0.027480
559.40	0.026135
559.60	0.026245
559.80	0.027779
560.00	0.027629
560.20	0.024631
560.40	0.025219
560.60	0.028655
560.80	0.028536
561.00	0.028645
561.20	0.028894
561.40	0.027799
561.60	0.028536
561.80	0.028078
562.00	0.027530
562.20	0.028566
562.40	0.027072
562.60	0.028536
562.80	0.027968
563.00	0.026902
563.20	0.028476
563.40	0.028775
563.60	0.028078
563.80	0.029273
564.00	0.028875
564.20	0.028217
564.40	0.025926
564.60	0.027211
564.80	0.028187
565.00	0.027988
565.20	0.029293
565.40	0.027171
565.60	0.027231
565.80	0.026375
566.00	0.024233
566.20	0.023705
566.40	0.025279
566.60	0.025717
566.80	0.022958
567.00	0.023396
567.20	0.025578
567.40	0.024821
567.60	0.024104
567.80	0.025867
568.00	0.024402
568.20	0.023237
568.40	0.023367
568.60	0.023157
568.80	0.023775
569.00	0.024960
569.20	0.024651
569.40	0.023655
569.60	0.023556
569.80	0.026006
570.00	0.024233
570.20	0.023914
570.40	0.022201
570.60	0.023177
570.80	0.023506
571.00	0.024681
571.20	0.024124
571.40	0.024333
571.60	0.024203
571.80	0.023894
572.00	0.024691
572.20	0.024442
572.40	0.024313
572.60	0.023496
572.80	0.025578
573.00	0.024313
573.20	0.025000
573.40	0.024522
573.60	0.023904
573.80	0.024293
574.00	0.023586
574.20	0.026484
574.40	0.025279
574.60	0.024851
574.80	0.023436
575.00	0.025538
575.20	0.024402
575.40	0.024452
575.60	0.024841
575.80	0.025787
576.00	0.025010
576.20	0.025876
576.40	0.026494
576.60	0.026275
576.80	0.025946
577.00	0.025289
577.20	0.027321
577.40	0.026604
577.60	0.028815
577.80	0.028914
578.00	0.026902
578.20	0.027769
578.40	0.028645
578.60	0.029104
578.80	0.028635
579.00	0.030249
579.20	0.030687
579.40	0.029761
579.60	0.027600
579.80	0.031643
580.00	0.028884
580.20	0.032520
580.40	0.032122
580.60	0.031534
580.80	0.031215
581.00	0.032570
581.20	0.033635
581.40	0.033187
581.60	0.031703
581.80	0.035239
582.00	0.033865
582.20	0.036464
582.40	0.035757
582.60	0.034771
582.80	0.034890
583.00	0.036165
583.20	0.037410
583.40	0.036853
583.60	0.037888
583.80	0.038884
584.00	0.038894
584.20	0.040627
584.40	0.041743
584.60	0.041434
584.80	0.043406
585.00	0.041285
585.20	0.041404
585.40	0.042938
585.60	0.043685
585.80	0.043825
586.00	0.046843
586.20	0.046205
586.40	0.045219
586.60	0.046225
586.80	0.046275
587.00	0.045299
587.20	0.048695
587.40	0.046793
587.60	0.047032
587.80	0.048247
588.00	0.047829
588.20	0.049054
588.40	0.046723
588.60	0.050867
588.80	0.049253
589.00	0.050767
589.20	0.052191
589.40	0.054861
589.60	0.052779
589.80	0.051335
590.00	0.054851
590.20	0.051305
590.40	0.053914
590.60	0.053576
590.80	0.054074
591.00	0.052819
591.20	0.054462
591.40	0.054412
591.60	0.053625
591.80	0.054950
592.00	0.055946
592.20	0.056106
592.40	0.054871
592.60	0.055867
592.80	0.055000
593.00	0.056853
593.20	0.058088
593.40	0.056434
593.60	0.055618
593.80	0.056972
594.00	0.058865
594.20	0.057390
594.40	0.057908
594.60	0.057600
594.80	0.056873
595.00	0.058098
595.20	0.057988
595.40	0.057430
595.60	0.057580
595.80	0.056076
596.00	0.057371
596.20	0.057769
596.40	0.057062
596.60	0.059841
596.80	0.058486
597.00	0.057430
597.20	0.059452
597.40	0.058347
597.60	0.058735
597.80	0.059143
598.00	0.058576
598.20	0.056614
598.40	0.057620
598.60	0.056116
598.80	0.057610
599.00	0.056534
599.20	0.058835
599.40	0.059114
599.60	0.058536
599.80	0.055896
600.00	0.058466
600.20	0.058147
600.40	0.058665
600.60	0.057659
600.80	0.058287
601.00	0.056444
601.20	0.058616
601.40	0.058805
601.60	0.056882
601.80	0.057878
602.00	0.058108
602.20	0.058048
602.40	0.056016
602.60	0.059412
602.80	0.059711
603.00	0.055697
603.20	0.059064
603.40	0.057301
603.60	0.056793
603.80	0.058655
604.00	0.057739
604.20	0.059034
604.40	0.057580
604.60	0.059064
604.80	0.057012
605.00	0.059323
605.20	0.058197
605.40	0.059462
605.60	0.057709
605.80	0.055647
606.00	0.059273
606.20	0.058317
606.40	0.054980
606.60	0.057958
606.80	0.057191
607.00	0.056892
607.20	0.056912
607.40	0.058466
607.60	0.056424
607.80	0.055558
608.00	0.057819
608.20	0.055847
608.40	0.054124
608.60	0.053725
608.80	0.055070
609.00	0.054651
609.20	0.055030
609.40	0.056892
609.60	0.053914
609.80	0.055578
610.00	0.055498
610.20	0.056653
610.40	0.051713
610.60	0.054462
610.80	0.055209
611.00	0.052331
611.20	0.055070
611.40	0.055040
611.60	0.053197
611.80	0.052420
612.00	0.054761
612.20	0.052819
612.40	0.053396
612.60	0.053685
612.80	0.053566
613.00	0.054014
613.20	0.052869
613.40	0.056125
613.60	0.050966
613.80	0.052122
614.00	0.053147
614.20	0.054801
614.40	0.053277
614.60	0.052888
614.80	0.053237
615.00	0.052271
615.20	0.054502
615.40	0.055329
615.60	0.054024
615.80	0.051285
616.00	0.053875
616.20	0.055867
616.40	0.053715
616.60	0.055398
616.80	0.057002
617.00	0.053964
617.20	0.053815
617.40	0.057450
617.60	0.055080
617.80	0.054691
618.00	0.057898
618.20	0.057938
618.40	0.056265
618.60	0.058068
618.80	0.059900
619.00	0.057580
619.20	0.055936
619.40	0.061504
619.60	0.060488
619.80	0.058556
620.00	0.062560
620.20	0.062809
620.40	0.060498
620.60	0.060727
620.80	0.062958
621.00	0.063546
621.20	0.064452
621.40	0.065378
621.60	0.065329
621.80	0.067420
622.00	0.070827
622.20	0.070667
622.40	0.069283
622.60	0.070837
622.80	0.075438
623.00	0.076036
623.20	0.073616
623.40	0.077092
623.60	0.081295
623.80	0.078576
624.00	0.081305
624.20	0.083775
624.40	0.085757
624.60	0.085478
624.80	0.089133
625.00	0.089333
625.20	0.089592
625.40	0.095289
625.60	0.095896
625.80	0.095149
626.00	0.098755
626.20	0.10504
626.40	0.10378
626.60	0.10676
626.80	0.11064
627.00	0.11213
627.20	0.11345
627.40	0.11841
627.60	0.12191
627.80	0.12037
628.00	0.12659
628.20	0.13060
628.40	0.13220
628.60	0.13631
628.80	0.13801
629.00	0.14283
629.20	0.14436
629.40	0.14809
629.60	0.15271
629.80	0.15510
630.00	0.15854
630.20	0.16462
630.40	0.16659
630.60	0.17139
630.80	0.17540
631.00	0.17981
631.20	0.18143
631.40	0.18822
631.60	0.19216
631.80	0.19608
632.00	0.20055
632.20	0.20618
632.40	0.21140
632.60	0.21465
632.80	0.22276
633.00	0.22540
633.20	0.23258
633.40	0.23763
633.60	0.24331
633.80	0.24581
634.00	0.25032
634.20	0.25731
634.40	0.26001
634.60	0.26360
634.80	0.27199
635.00	0.27626
635.20	0.28279
635.40	0.28865
635.60	0.29444
635.80	0.29933
636.00	0.30448
636.20	0.31088
636.40	0.31509
636.60	0.32039
636.80	0.32779
637.00	0.33209
637.20	0.33539
637.40	0.34179
637.60	0.34911
637.80	0.35124
638.00	0.35897
638.20	0.36489
638.40	0.36822
638.60	0.37013
638.80	0.37683
639.00	0.38167
639.20	0.38381
639.40	0.38933
639.60	0.39336
639.80	0.39664
640.00	0.40307
640.20	0.40865
640.40	0.41085
640.60	0.41316
640.80	0.41864
641.00	0.42137
641.20	0.42270
641.40	0.42676
641.60	0.42964
641.80	0.43017
642.00	0.43238
642.20	0.43519
642.40	0.43635
642.60	0.43696
642.80	0.44003
643.00	0.44091
643.20	0.43966
643.40	0.43956
643.60	0.44201
643.80	0.43765
644.00	0.43847
644.20	0.43893
644.40	0.43554
644.60	0.43262
644.80	0.43370
645.00	0.43160
645.20	0.42890
645.40	0.42569
645.60	0.42361
645.80	0.41996
646.00	0.41736
646.20	0.41636
646.40	0.40821
646.60	0.40459
646.80	0.40224
647.00	0.39804
647.20	0.39002
647.40	0.38593
647.60	0.38377
647.80	0.37726
648.00	0.37074
648.20	0.36565
648.40	0.35758
648.60	0.35290
648.80	0.34599
649.00	0.33925
649.20	0.33183
649.40	0.32625
649.60	0.32043
649.80	0.31089
650.00	0.30624
650.20	0.29976
650.40	0.29031
650.60	0.28324
650.80	0.27656
651.00	0.27044
651.20	0.26135
651.40	0.25772
651.60	0.24920
651.80	0.23926
652.00	0.23331
652.20	0.22892
652.40	0.21914
652.60	0.20995
652.80	0.20615
653.00	0.20049
653.20	0.19271
653.40	0.18532
653.60	0.18133
653.80	0.17359
654.00	0.16563
654.20	0.16179
654.40	0.15601
654.60	0.14750
654.80	0.14348
655.00	0.14037
655.20	0.13099
655.40	0.12710
655.60	0.12307
655.80	0.11541
656.00	0.11225
656.20	0.10869
656.40	0.10300
656.60	0.099582
656.80	0.092779
657.00	0.092600
657.20	0.084751
657.40	0.082002
657.60	0.081325
657.80	0.073426
658.00	0.072620
658.20	0.071205
658.40	0.066374
658.60	0.060528
658.80	0.059303
659.00	0.059532
659.20	0.052002
659.40	0.054582
659.60	0.049054
659.80	0.046902
660.00	0.043277
660.20	0.043785
660.40	0.039303
660.60	0.037819
660.80	0.037191
661.00	0.036683
661.20	0.034582
661.40	0.032470
661.60	0.032829
661.80	0.028137
662.00	0.024950
662.20	0.023914
662.40	0.023536
662.60	0.022092
662.80	0.020558
663.00	0.020867
663.20	0.015229
663.40	0.015588
663.60	0.016355
663.80	0.016434
664.00	0.016693
664.20	0.019044
664.40	0.016653
664.60	0.012968
664.80	0.016793
665.00	0.016753
665.20	0.016185
665.40	0.012938
665.60	0.013924
665.80	0.013635
666.00	0.012400
666.20	0.013715
666.40	0.014343
666.60	0.011235
666.80	0.012261
667.00	0.015000
667.20	0.014203
667.40	0.012181
667.60	0.015289
667.80	0.011853
668.00	0.0070916
668.20	0.0088347
668.40	0.0075100
668.60	0.0062649
668.80	0.0093725
669.00	0.0076494
669.20	0.0077888
669.40	0.0086653
669.60	0.0070418
669.80	0.0071813
670.00	0.0072112
670.20	0.0073506
670.40	0.0079880
670.60	0.0048874
670.80	0.0055179
671.00	0.0089243
671.20	0.0055378
671.40	0.0051992
671.60	0.0033907
671.80	0.0043575
672.00	0.0039316
672.20	0.0047048
672.40	0.0057470
672.60	0.0018127
672.80	0.0032606
673.00	0.0072610
673.20	0.0028486
673.40	0.0023406
673.60	0.0064741
673.80	0.0065737
674.00	0.0031048
674.20	0.0027789
674.40	0.0045200
674.60	0.0037849
674.80	0.0022311
675.00	0.0061753
675.20	0.0051195
675.40	0.0036627
675.60	0.0067131
675.80	0.0047437
676.00	0.0025697
676.20	0.0026096
676.40	0.0047723
676.60	0.0040297
676.80	0.0040910
677.00	0.0082171
677.20	0.0025498
677.40	0.0042342
677.60	0.0019024
677.80	0.0026594
678.00	0.0027789
678.20	0.0052789
678.40	0.0031446
678.60	0.0025498
678.80	0.0025598
679.00	0.0038958
679.20	0.0037122
679.40	0.0025199
679.60	0.0029283
679.80	0.0036836
680.00	0.0034861
680.20	0.0023506
680.40	0.0062251
680.60	0.0016833
680.80	0.0031453
681.00	0.0055478
681.20	0.0035635
681.40	0.0011952
681.60	0.0034801
681.80	0.0049801
682.00	0.0027590
682.20	0.0010159
682.40	0.0062052
682.60	0.0024502
682.80	0.0019721
683.00	0.0042536
683.20	0.0020518
683.40	0.0026793
683.60	0.0034337
683.80	0.0032975
684.00	0.0022410
684.20	0.0032833
684.40	0.0031521
684.60	0.0027291
684.80	0.0019721
685.00	0.0041057
685.20	0.0027191
685.40	0.0022510
685.60	0.0032506
685.80	0.0046045
686.00	0.0030044
686.20	0.0016733
686.40	0.0044923
686.60	0.0020518
686.80	0.0022510
687.00	0.0047762
687.20	0.0055080
687.40	0.0030697
687.60	0.0045404
687.80	0.0034298
688.00	0.0041337
688.20	0.0026892
688.40	0.0051594
688.60	0.0019920
688.80	0.0015339
689.00	0.0041143
689.20	0.0020020
689.40	0.0017829
689.60	0.0029681
689.80	0.0032918
690.00	0.0011853
690.20	0.0043765
690.40	0.0039472
690.60	0.0033852
690.80	0.0048152
691.00	0.0054582
691.20	0.0048197
691.40	0.0057769
691.60	0.0057570
691.80	0.0061056
692.00	0.0020817
692.20	0.0026793
692.40	0.0052590
692.60	0.0046946
692.80	0.0016335
693.00	0.0048370
693.20	0.0050299
693.40	0.0030618
693.60	0.0026873
693.80	0.0029183
694.00	0.0025299
694.20	0.0010388
694.40	0.0039158
694.60	0.0048541
694.80	0.0027191
695.00	0.0031141
695.20	0.0043345
695.40	0.0021614
695.60	0.0017928
695.80	0.0051992
696.00	0.0020817
696.20	0.0010259
696.40	0.0023008
696.60	0.0023406
696.80	0.0028287
697.00	0.0049900
697.20	0.0042296
697.40	0.0015637
697.60	0.0032426
697.80	0.0039066
698.00	0.0020518
698.20	0.0021315
698.40	0.0043751
698.60	0.0015637
698.80	0.0019821
699.00	0.0038252
699.20	0.0040931
699.40	0.0039841
699.60	0.0023705
699.80	0.0027590
700.00	0.0029283
