Wavelength (nm)	L258 FbOP-E7M10 (SE292).ems
600.00	0.00066056
600.20	0.00083950
600.40	0.00086004
600.60	0.00048562
600.80	0.00079297
601.00	0.00084647
601.20	0.00094741
601.40	0.00080725
601.60	0.00097081
601.80	0.00067676
602.00	0.00067191
602.20	0.0011100
602.40	0.00079476
602.60	0.0012400
602.80	0.0011300
603.00	0.00085820
603.20	0.0010900
603.40	0.00070653
603.60	0.00066635
603.80	0.00096403
604.00	0.00092571
604.20	0.0010100
604.40	0.0011000
604.60	0.00075482
604.80	0.0010800
605.00	0.0011700
605.20	0.00094607
605.40	0.0013600
605.60	0.0010100
605.80	0.00097604
606.00	0.00090353
606.20	0.00093261
606.40	0.00045586
606.60	0.0012700
606.80	0.00081594
607.00	0.00075694
607.20	0.0011400
607.40	0.0012500
607.60	0.0011300
607.80	0.00079915
608.00	0.0010400
608.20	0.0011400
608.40	0.0011000
608.60	0.00082801
608.80	0.0014600
609.00	0.0011900
609.20	0.0014000
609.40	0.0012300
609.60	0.00067768
609.80	0.0011000
610.00	0.00088012
610.20	0.0014100
610.40	0.0010800
610.60	0.0015100
610.80	0.00086066
611.00	0.0011500
611.20	0.0011600
611.40	0.0012900
611.60	0.00081313
611.80	0.00095886
612.00	0.0015100
612.20	0.0015700
612.40	0.0014100
612.60	0.00073161
612.80	0.0011200
613.00	0.0013900
613.20	0.0015000
613.40	0.0015600
613.60	0.00075873
613.80	0.0013400
614.00	0.0012500
614.20	0.0013400
614.40	0.0010100
614.60	0.0012300
614.80	0.00089593
615.00	0.0013800
615.20	0.00084547
615.40	0.0010800
615.60	0.0016300
615.80	0.0014900
616.00	0.0010100
616.20	0.0013200
616.40	0.0012100
616.60	0.0014500
616.80	0.0010900
617.00	0.0011300
617.20	0.0014400
617.40	0.0010500
617.60	0.0012100
617.80	0.0013400
618.00	0.0012200
618.20	0.0017000
618.40	0.0016400
618.60	0.0012100
618.80	0.00099657
619.00	0.0012800
619.20	0.0014500
619.40	0.0010600
619.60	0.0012500
619.80	0.0010200
620.00	0.0015400
620.20	0.0014600
620.40	0.0015500
620.60	0.00084057
620.80	0.0012000
621.00	0.0010800
621.20	0.0014000
621.40	0.0012700
621.60	0.0016900
621.80	0.0013600
622.00	0.0011300
622.20	0.0013500
622.40	0.0013600
622.60	0.0014200
622.80	0.0015900
623.00	0.0018500
623.20	0.0017900
623.40	0.0016600
623.60	0.0015000
623.80	0.0012400
624.00	0.0022400
624.20	0.0017100
624.40	0.0016800
624.60	0.0018000
624.80	0.0012300
625.00	0.0014200
625.20	0.0016000
625.40	0.0014700
625.60	0.0011600
625.80	0.0021000
626.00	0.0018600
626.20	0.0023200
626.40	0.0023000
626.60	0.0015100
626.80	0.0016600
627.00	0.0019600
627.20	0.0017900
627.40	0.0019500
627.60	0.0016800
627.80	0.0017100
628.00	0.0024600
628.20	0.0017600
628.40	0.0021300
628.60	0.0018000
628.80	0.0017300
629.00	0.0020700
629.20	0.0018600
629.40	0.0020200
629.60	0.0027500
629.80	0.0024300
630.00	0.0021900
630.20	0.0025500
630.40	0.0021900
630.60	0.0027900
630.80	0.0022000
631.00	0.0026000
631.20	0.0029100
631.40	0.0024200
631.60	0.0024300
631.80	0.0025800
632.00	0.0025100
632.20	0.0034200
632.40	0.0031900
632.60	0.0031200
632.80	0.0025700
633.00	0.0029300
633.20	0.0036800
633.40	0.0034800
633.60	0.0029600
633.80	0.0032900
634.00	0.0028900
634.20	0.0039200
634.40	0.0032600
634.60	0.0032100
634.80	0.0042200
635.00	0.0039300
635.20	0.0043800
635.40	0.0038300
635.60	0.0039000
635.80	0.0035300
636.00	0.0042000
636.20	0.0047500
636.40	0.0035900
636.60	0.0043000
636.80	0.0048000
637.00	0.0049500
637.20	0.0055500
637.40	0.0052400
637.60	0.0064300
637.80	0.0055800
638.00	0.0057500
638.20	0.0059600
638.40	0.0068800
638.60	0.0058300
638.80	0.0072400
639.00	0.0071000
639.20	0.0073600
639.40	0.0069100
639.60	0.0079100
639.80	0.0083600
640.00	0.0082400
640.20	0.0096000
640.40	0.0097900
640.60	0.0098700
640.80	0.0096600
641.00	0.010100
641.20	0.012070
641.40	0.012450
641.60	0.012660
641.80	0.012260
642.00	0.013980
642.20	0.014150
642.40	0.014710
642.60	0.016500
642.80	0.016680
643.00	0.018190
643.20	0.017310
643.40	0.021190
643.60	0.020340
643.80	0.021650
644.00	0.022850
644.20	0.024310
644.40	0.023530
644.60	0.024240
644.80	0.026330
645.00	0.029760
645.20	0.032190
645.40	0.030360
645.60	0.034190
645.80	0.034390
646.00	0.036980
646.20	0.037620
646.40	0.036870
646.60	0.041890
646.80	0.041400
647.00	0.043020
647.20	0.047570
647.40	0.050820
647.60	0.050150
647.80	0.051790
648.00	0.056660
648.20	0.058420
648.40	0.060430
648.60	0.065830
648.80	0.063200
649.00	0.069790
649.20	0.071360
649.40	0.073620
649.60	0.078540
649.80	0.083510
650.00	0.085520
650.20	0.086960
650.40	0.095090
650.60	0.097320
650.80	0.10118
651.00	0.10681
651.20	0.11207
651.40	0.12128
651.60	0.12542
651.80	0.13278
652.00	0.13954
652.20	0.14685
652.40	0.15823
652.60	0.15973
652.80	0.17293
653.00	0.18674
653.20	0.19388
653.40	0.20704
653.60	0.22349
653.80	0.23614
654.00	0.25000
654.20	0.26437
654.40	0.27691
654.60	0.29383
654.80	0.31631
655.00	0.33399
655.20	0.35594
655.40	0.37738
655.60	0.39561
655.80	0.42206
656.00	0.44238
656.20	0.46540
656.40	0.48495
656.60	0.51040
656.80	0.54130
657.00	0.55515
657.20	0.59622
657.40	0.62022
657.60	0.63268
657.80	0.65344
658.00	0.68511
658.20	0.71699
658.40	0.73770
658.60	0.76452
658.80	0.79212
659.00	0.80857
659.20	0.82826
659.40	0.85764
659.60	0.87218
659.80	0.88403
660.00	0.90313
660.20	0.91306
660.40	0.93868
660.60	0.94475
660.80	0.97158
661.00	0.96402
661.20	0.97444
661.40	0.97412
661.60	0.98133
661.80	0.98532
662.00	0.99801
662.20	1.0000
662.40	0.99614
662.60	0.99476
662.80	0.97899
663.00	0.97352
663.20	0.97561
663.40	0.95880
663.60	0.94841
663.80	0.93779
664.00	0.92871
664.20	0.91486
664.40	0.89886
664.60	0.89582
664.80	0.86919
665.00	0.86647
665.20	0.84519
665.40	0.82910
665.60	0.82149
665.80	0.79324
666.00	0.77387
666.20	0.76776
666.40	0.73267
666.60	0.71483
666.80	0.71389
667.00	0.69424
667.20	0.67385
667.40	0.65236
667.60	0.64061
667.80	0.63047
668.00	0.60868
668.20	0.58617
668.40	0.58060
668.60	0.57116
668.80	0.55299
669.00	0.52985
669.20	0.51319
669.40	0.50165
669.60	0.49439
669.80	0.48129
670.00	0.47374
670.20	0.46123
670.40	0.45320
670.60	0.44317
670.80	0.43274
671.00	0.42028
671.20	0.41789
671.40	0.40474
671.60	0.39972
671.80	0.38712
672.00	0.37733
672.20	0.37643
672.40	0.36696
672.60	0.36274
672.80	0.35265
673.00	0.34358
673.20	0.33510
673.40	0.33649
673.60	0.32992
673.80	0.31655
674.00	0.30907
674.20	0.30563
674.40	0.29780
674.60	0.28859
674.80	0.28693
675.00	0.28034
675.20	0.27803
675.40	0.26570
675.60	0.26272
675.80	0.25463
676.00	0.25021
676.20	0.24634
676.40	0.24261
676.60	0.23595
676.80	0.22815
677.00	0.22951
677.20	0.21410
677.40	0.21552
677.60	0.21304
677.80	0.19834
678.00	0.20200
678.20	0.19522
678.40	0.19302
678.60	0.18554
678.80	0.17941
679.00	0.17824
679.20	0.17539
679.40	0.17260
679.60	0.16575
679.80	0.15833
680.00	0.15893
680.20	0.14586
680.40	0.14934
680.60	0.14802
680.80	0.14216
681.00	0.13929
681.20	0.13697
681.40	0.13253
681.60	0.12570
681.80	0.12593
682.00	0.12486
682.20	0.12030
682.40	0.12106
682.60	0.11434
682.80	0.11423
683.00	0.11353
683.20	0.10805
683.40	0.10751
683.60	0.10330
683.80	0.099110
684.00	0.098010
684.20	0.098180
684.40	0.089930
684.60	0.092990
684.80	0.089600
685.00	0.091650
685.20	0.090940
685.40	0.088840
685.60	0.088120
685.80	0.086530
686.00	0.086220
686.20	0.082420
686.40	0.080550
686.60	0.079140
686.80	0.078080
687.00	0.077230
687.20	0.074820
687.40	0.075840
687.60	0.075440
687.80	0.076000
688.00	0.077020
688.20	0.072480
688.40	0.071090
688.60	0.071990
688.80	0.069300
689.00	0.072060
689.20	0.067170
689.40	0.071690
689.60	0.066630
689.80	0.067180
690.00	0.066180
690.20	0.065090
690.40	0.065070
690.60	0.066840
690.80	0.067200
691.00	0.066220
691.20	0.065620
691.40	0.065230
691.60	0.066840
691.80	0.063880
692.00	0.064400
692.20	0.066030
692.40	0.062590
692.60	0.059620
692.80	0.062290
693.00	0.064800
693.20	0.062370
693.40	0.062460
693.60	0.062300
693.80	0.058810
694.00	0.060820
694.20	0.061560
694.40	0.061280
694.60	0.060840
694.80	0.060710
695.00	0.056070
695.20	0.056410
695.40	0.058090
695.60	0.061350
695.80	0.056300
696.00	0.058310
696.20	0.056070
696.40	0.058450
696.60	0.055770
696.80	0.055240
697.00	0.059000
697.20	0.056890
697.40	0.056150
697.60	0.055610
697.80	0.054750
698.00	0.056200
698.20	0.054050
698.40	0.054350
698.60	0.052280
698.80	0.054770
699.00	0.052170
699.20	0.054460
699.40	0.055370
699.60	0.051150
699.80	0.056750
700.00	0.054720
700.20	0.054800
700.40	0.051290
700.60	0.055710
700.80	0.053210
701.00	0.053030
701.20	0.051840
701.40	0.055780
701.60	0.054520
701.80	0.051440
702.00	0.054890
702.20	0.053250
702.40	0.054380
702.60	0.054310
702.80	0.056460
703.00	0.057810
703.20	0.056150
703.40	0.054520
703.60	0.055370
703.80	0.056320
704.00	0.057060
704.20	0.057950
704.40	0.056590
704.60	0.058730
704.80	0.057880
705.00	0.058010
705.20	0.061130
705.40	0.064110
705.60	0.061340
705.80	0.058550
706.00	0.063030
706.20	0.063130
706.40	0.062390
706.60	0.064410
706.80	0.062530
707.00	0.066160
707.20	0.064740
707.40	0.065240
707.60	0.063150
707.80	0.069550
708.00	0.066980
708.20	0.069650
708.40	0.067930
708.60	0.066340
708.80	0.070410
709.00	0.070090
709.20	0.072250
709.40	0.067590
709.60	0.072890
709.80	0.070340
710.00	0.069310
710.20	0.069520
710.40	0.071520
710.60	0.072510
710.80	0.073470
711.00	0.070160
711.20	0.072980
711.40	0.075120
711.60	0.073360
711.80	0.073150
712.00	0.072380
712.20	0.071110
712.40	0.075220
712.60	0.074850
712.80	0.075600
713.00	0.071500
713.20	0.075120
713.40	0.070810
713.60	0.072740
713.80	0.073980
714.00	0.074250
714.20	0.073960
714.40	0.076410
714.60	0.075270
714.80	0.072900
715.00	0.077480
715.20	0.073880
715.40	0.073570
715.60	0.071860
715.80	0.072140
716.00	0.071760
716.20	0.071440
716.40	0.070310
716.60	0.073890
716.80	0.072450
717.00	0.073220
717.20	0.069520
717.40	0.071590
717.60	0.070620
717.80	0.070530
718.00	0.067610
718.20	0.071290
718.40	0.072770
718.60	0.068720
718.80	0.067240
719.00	0.072580
719.20	0.070260
719.40	0.068400
719.60	0.067380
719.80	0.069830
720.00	0.067330
720.20	0.071420
720.40	0.069110
720.60	0.067270
720.80	0.068900
721.00	0.070440
721.20	0.066280
721.40	0.067890
721.60	0.065850
721.80	0.064830
722.00	0.070050
722.20	0.067020
722.40	0.066700
722.60	0.063010
722.80	0.066570
723.00	0.067640
723.20	0.064530
723.40	0.064900
723.60	0.068490
723.80	0.064600
724.00	0.064830
724.20	0.066490
724.40	0.062340
724.60	0.066240
724.80	0.062260
725.00	0.064570
725.20	0.064300
725.40	0.066890
725.60	0.066150
725.80	0.063040
726.00	0.062570
726.20	0.063940
726.40	0.063780
726.60	0.061650
726.80	0.062490
727.00	0.064460
727.20	0.061550
727.40	0.059260
727.60	0.062500
727.80	0.058650
728.00	0.061210
728.20	0.062690
728.40	0.061180
728.60	0.063870
728.80	0.061170
729.00	0.063290
729.20	0.061270
729.40	0.057580
729.60	0.056340
729.80	0.061610
730.00	0.058980
730.20	0.057950
730.40	0.057430
730.60	0.055690
730.80	0.058240
731.00	0.058330
731.20	0.058590
731.40	0.057720
731.60	0.059960
731.80	0.058120
732.00	0.059000
732.20	0.055700
732.40	0.055620
732.60	0.058730
732.80	0.059440
733.00	0.054520
733.20	0.055940
733.40	0.056850
733.60	0.055390
733.80	0.057150
734.00	0.054330
734.20	0.053700
734.40	0.054800
734.60	0.055090
734.80	0.056160
735.00	0.056930
735.20	0.054420
735.40	0.050220
735.60	0.056740
735.80	0.051940
736.00	0.054320
736.20	0.053720
736.40	0.049540
736.60	0.048500
736.80	0.052420
737.00	0.051870
737.20	0.050840
737.40	0.051870
737.60	0.052480
737.80	0.049880
738.00	0.048720
738.20	0.051090
738.40	0.051940
738.60	0.046670
738.80	0.049300
739.00	0.047810
739.20	0.047360
739.40	0.047710
739.60	0.045700
739.80	0.044480
740.00	0.045210
740.20	0.046990
740.40	0.047170
740.60	0.043550
740.80	0.042200
741.00	0.048600
741.20	0.041800
741.40	0.041320
741.60	0.043020
741.80	0.041750
742.00	0.043430
742.20	0.040410
742.40	0.041540
742.60	0.038990
742.80	0.039380
743.00	0.038080
743.20	0.041090
743.40	0.037250
743.60	0.037800
743.80	0.036140
744.00	0.035220
744.20	0.033520
744.40	0.034150
744.60	0.035040
744.80	0.033390
745.00	0.034530
745.20	0.034490
745.40	0.034670
745.60	0.029430
745.80	0.028960
746.00	0.032080
746.20	0.029670
746.40	0.030030
746.60	0.030650
746.80	0.031620
747.00	0.027590
747.20	0.030910
747.40	0.026330
747.60	0.030460
747.80	0.028840
748.00	0.028930
748.20	0.026610
748.40	0.026820
748.60	0.027450
748.80	0.024000
749.00	0.027010
749.20	0.022040
749.40	0.023720
749.60	0.024580
749.80	0.022870
750.00	0.022140
750.20	0.020060
750.40	0.022820
750.60	0.023200
750.80	0.019690
751.00	0.021270
751.20	0.021000
751.40	0.020290
751.60	0.018920
751.80	0.020550
752.00	0.018310
752.20	0.018870
752.40	0.019280
752.60	0.019170
752.80	0.018040
753.00	0.018940
753.20	0.019510
753.40	0.016910
753.60	0.019250
753.80	0.018040
754.00	0.015700
754.20	0.017530
754.40	0.016820
754.60	0.016000
754.80	0.017910
755.00	0.015050
755.20	0.014840
755.40	0.015330
755.60	0.014730
755.80	0.013740
756.00	0.013440
756.20	0.015430
756.40	0.016190
756.60	0.014900
756.80	0.012130
757.00	0.014550
757.20	0.013530
757.40	0.014060
757.60	0.013260
757.80	0.011740
758.00	0.012670
758.20	0.013100
758.40	0.013200
758.60	0.012430
758.80	0.012010
759.00	0.012740
759.20	0.011020
759.40	0.012660
759.60	0.011300
759.80	0.010840
760.00	0.012210
760.20	0.011840
760.40	0.011720
760.60	0.0096600
760.80	0.011350
761.00	0.011890
761.20	0.011570
761.40	0.0096900
761.60	0.010860
761.80	0.0098300
762.00	0.011010
762.20	0.0098600
762.40	0.010890
762.60	0.011450
762.80	0.0097500
763.00	0.0099400
763.20	0.011420
763.40	0.0095700
763.60	0.0098400
763.80	0.010340
764.00	0.010910
764.20	0.010700
764.40	0.010700
764.60	0.0096600
764.80	0.0097500
765.00	0.0089000
765.20	0.0091000
765.40	0.0096000
765.60	0.0089400
765.80	0.0075900
766.00	0.010340
766.20	0.0091600
766.40	0.0096600
766.60	0.0087600
766.80	0.0088300
767.00	0.0081500
767.20	0.0098500
767.40	0.0094500
767.60	0.0081200
767.80	0.0075800
768.00	0.0087400
768.20	0.0086000
768.40	0.0081600
768.60	0.0089700
768.80	0.0080700
769.00	0.0086800
769.20	0.0080600
769.40	0.0071100
769.60	0.0068300
769.80	0.0079600
770.00	0.0077500
770.20	0.0076100
770.40	0.0085900
770.60	0.0070400
770.80	0.0067900
771.00	0.0072900
771.20	0.0073600
771.40	0.0080000
771.60	0.0067000
771.80	0.0077200
772.00	0.0065500
772.20	0.0082300
772.40	0.0081700
772.60	0.0064700
772.80	0.0074000
773.00	0.0080100
773.20	0.0073700
773.40	0.0077300
773.60	0.0060900
773.80	0.0074400
774.00	0.0075400
774.20	0.0087700
774.40	0.0066300
774.60	0.0080300
774.80	0.0078700
775.00	0.0076800
775.20	0.0082600
775.40	0.0077600
775.60	0.0068800
775.80	0.0064400
776.00	0.0075700
776.20	0.0083100
776.40	0.0066600
776.60	0.0067800
776.80	0.0075700
777.00	0.0075300
777.20	0.0064700
777.40	0.0067700
777.60	0.0072100
777.80	0.0077400
778.00	0.0067700
778.20	0.0074800
778.40	0.0077500
778.60	0.0070300
778.80	0.0073200
779.00	0.0065500
779.20	0.0073000
779.40	0.0059600
779.60	0.0052800
779.80	0.0067500
780.00	0.0066400
780.20	0.0067800
780.40	0.0062300
780.60	0.0061300
780.80	0.0068100
781.00	0.0069400
781.20	0.0062400
781.40	0.0064800
781.60	0.0063000
781.80	0.0051600
782.00	0.0064400
782.20	0.0060100
782.40	0.0078500
782.60	0.0061000
782.80	0.0068500
783.00	0.0072500
783.20	0.0074700
783.40	0.0058800
783.60	0.0076400
783.80	0.0054100
784.00	0.0068200
784.20	0.0057000
784.40	0.0063400
784.60	0.0064600
784.80	0.0072100
785.00	0.0067300
785.20	0.0065500
785.40	0.0056400
785.60	0.0064900
785.80	0.0058200
786.00	0.0073900
786.20	0.0050600
786.40	0.0075600
786.60	0.0061000
786.80	0.0063200
787.00	0.0059900
787.20	0.0065100
787.40	0.0046500
787.60	0.0058000
787.80	0.0069800
788.00	0.0060700
788.20	0.0050000
788.40	0.0067100
788.60	0.0053900
788.80	0.0048100
789.00	0.0051600
789.20	0.0042200
789.40	0.0060300
789.60	0.0050400
789.80	0.0055800
790.00	0.0062500
790.20	0.0055600
790.40	0.0060000
790.60	0.0052500
790.80	0.0057100
791.00	0.0063300
791.20	0.0056000
791.40	0.0042700
791.60	0.0058500
791.80	0.0066600
792.00	0.0060800
792.20	0.0051100
792.40	0.0053000
792.60	0.0056800
792.80	0.0048100
793.00	0.0050000
793.20	0.0069600
793.40	0.0046700
793.60	0.0047800
793.80	0.0046900
794.00	0.0055500
794.20	0.0047400
794.40	0.0064500
794.60	0.0053000
794.80	0.0048100
795.00	0.0062500
795.20	0.0053500
795.40	0.0055800
795.60	0.0048200
795.80	0.0041800
796.00	0.0053800
796.20	0.0047600
796.40	0.0042000
796.60	0.0055200
796.80	0.0049400
797.00	0.0056700
797.20	0.0043200
797.40	0.0046800
797.60	0.0035000
797.80	0.0045300
798.00	0.0053300
798.20	0.0040900
798.40	0.0058200
798.60	0.0058000
798.80	0.0038900
799.00	0.0047600
799.20	0.0048800
799.40	0.0046400
799.60	0.0058100
799.80	0.0040400
800.00	0.0058700
