Wavelength (nm)	L267 FbC-M10Es13,15 (SE327).abs
350.00	0.15647
350.20	0.16635
350.40	0.16150
350.60	0.16382
350.80	0.16981
351.00	0.17763
351.20	0.17528
351.40	0.17531
351.60	0.18115
351.80	0.18024
352.00	0.18542
352.20	0.18708
352.40	0.18647
352.60	0.18835
352.80	0.19493
353.00	0.19630
353.20	0.20037
353.40	0.20312
353.60	0.20689
353.80	0.20427
354.00	0.20890
354.20	0.20987
354.40	0.21450
354.60	0.21312
354.80	0.21952
355.00	0.22169
355.20	0.22381
355.40	0.22399
355.60	0.22718
355.80	0.23145
356.00	0.23537
356.20	0.23574
356.40	0.23650
356.60	0.24135
356.80	0.24455
357.00	0.24792
357.20	0.24776
357.40	0.25309
357.60	0.25136
357.80	0.25161
358.00	0.24994
358.20	0.25386
358.40	0.25255
358.60	0.25634
358.80	0.26402
359.00	0.26514
359.20	0.26199
359.40	0.26412
359.60	0.26701
359.80	0.26953
360.00	0.26985
360.20	0.27493
360.40	0.27462
360.60	0.27103
360.80	0.27741
361.00	0.27873
361.20	0.27651
361.40	0.28151
361.60	0.27892
361.80	0.27983
362.00	0.27882
362.20	0.28329
362.40	0.28051
362.60	0.28195
362.80	0.28388
363.00	0.28609
363.20	0.28202
363.40	0.28619
363.60	0.28493
363.80	0.28622
364.00	0.28406
364.20	0.28793
364.40	0.28756
364.60	0.28567
364.80	0.28645
365.00	0.28736
365.20	0.28388
365.40	0.28415
365.60	0.28896
365.80	0.28069
366.00	0.28245
366.20	0.28563
366.40	0.28095
366.60	0.28128
366.80	0.27985
367.00	0.28111
367.20	0.27578
367.40	0.27481
367.60	0.27762
367.80	0.27384
368.00	0.27402
368.20	0.27580
368.40	0.27356
368.60	0.27366
368.80	0.27907
369.00	0.27264
369.20	0.27255
369.40	0.27593
369.60	0.27498
369.80	0.27119
370.00	0.26950
370.20	0.26665
370.40	0.27166
370.60	0.26961
370.80	0.27422
371.00	0.27016
371.20	0.27109
371.40	0.27301
371.60	0.27330
371.80	0.26975
372.00	0.27350
372.20	0.27075
372.40	0.27000
372.60	0.27236
372.80	0.27561
373.00	0.27240
373.20	0.27465
373.40	0.27763
373.60	0.27314
373.80	0.27592
374.00	0.27661
374.20	0.27898
374.40	0.27913
374.60	0.27731
374.80	0.28303
375.00	0.27994
375.20	0.28454
375.40	0.28498
375.60	0.28684
375.80	0.28733
376.00	0.29106
376.20	0.29271
376.40	0.29189
376.60	0.29373
376.80	0.29695
377.00	0.29689
377.20	0.29773
377.40	0.30092
377.60	0.30100
377.80	0.30593
378.00	0.30763
378.20	0.30691
378.40	0.31016
378.60	0.31559
378.80	0.31666
379.00	0.31684
379.20	0.31889
379.40	0.32278
379.60	0.32422
379.80	0.32552
380.00	0.32953
380.20	0.33217
380.40	0.33153
380.60	0.33609
380.80	0.33864
381.00	0.33978
381.20	0.34192
381.40	0.34628
381.60	0.34921
381.80	0.35136
382.00	0.35443
382.20	0.35847
382.40	0.36011
382.60	0.36469
382.80	0.36982
383.00	0.37064
383.20	0.37299
383.40	0.37654
383.60	0.38089
383.80	0.38180
384.00	0.38809
384.20	0.39394
384.40	0.39379
384.60	0.39730
384.80	0.40220
385.00	0.40567
385.20	0.41394
385.40	0.41667
385.60	0.41945
385.80	0.42310
386.00	0.42747
386.20	0.43379
386.40	0.43580
386.60	0.44258
386.80	0.44706
387.00	0.44964
387.20	0.45437
387.40	0.46044
387.60	0.46610
387.80	0.46752
388.00	0.47488
388.20	0.47742
388.40	0.47764
388.60	0.48504
388.80	0.49024
389.00	0.49484
389.20	0.49952
389.40	0.50551
389.60	0.51130
389.80	0.51428
390.00	0.51904
390.20	0.52701
390.40	0.53038
390.60	0.53784
390.80	0.54321
391.00	0.54534
391.20	0.55343
391.40	0.56140
391.60	0.56681
391.80	0.56918
392.00	0.57753
392.20	0.58198
392.40	0.59076
392.60	0.59574
392.80	0.60397
393.00	0.61079
393.20	0.61658
393.40	0.62458
393.60	0.63012
393.80	0.63495
394.00	0.64450
394.20	0.64737
394.40	0.65445
394.60	0.66342
394.80	0.66892
395.00	0.67526
395.20	0.68094
395.40	0.68855
395.60	0.69754
395.80	0.70099
396.00	0.70911
396.20	0.71531
396.40	0.72250
396.60	0.72743
396.80	0.73778
397.00	0.74659
397.20	0.75223
397.40	0.75908
397.60	0.76764
397.80	0.77132
398.00	0.78258
398.20	0.78988
398.40	0.79658
398.60	0.80116
398.80	0.81119
399.00	0.81839
399.20	0.82306
399.40	0.83403
399.60	0.84002
399.80	0.84891
400.00	0.85549
400.20	0.86039
400.40	0.86693
400.60	0.87530
400.80	0.88198
401.00	0.88982
401.20	0.89500
401.40	0.90361
401.60	0.91273
401.80	0.91663
402.00	0.92424
402.20	0.92853
402.40	0.93361
402.60	0.93935
402.80	0.94685
403.00	0.95111
403.20	0.95519
403.40	0.96105
403.60	0.96972
403.80	0.97235
404.00	0.97622
404.20	0.98220
404.40	0.98473
404.60	0.98765
404.80	0.99199
405.00	0.99116
405.20	0.99481
405.40	0.99664
405.60	0.99729
405.80	0.99898
406.00	0.99683
406.20	0.99992
406.40	1.0000
406.60	0.99724
406.80	0.99843
407.00	0.99325
407.20	0.99043
407.40	0.99055
407.60	0.98786
407.80	0.98435
408.00	0.97972
408.20	0.97745
408.40	0.97104
408.60	0.96514
408.80	0.96038
409.00	0.95618
409.20	0.94731
409.40	0.94586
409.60	0.93609
409.80	0.92615
410.00	0.92010
410.20	0.91617
410.40	0.90813
410.60	0.89973
410.80	0.89585
411.00	0.88520
411.20	0.87829
411.40	0.87155
411.60	0.86458
411.80	0.85534
412.00	0.84974
412.20	0.84225
412.40	0.83400
412.60	0.82383
412.80	0.81880
413.00	0.81122
413.20	0.80360
413.40	0.79655
413.60	0.79002
413.80	0.78199
414.00	0.77686
414.20	0.77102
414.40	0.76228
414.60	0.75767
414.80	0.75408
415.00	0.74747
415.20	0.73947
415.40	0.73641
415.60	0.73148
415.80	0.72185
416.00	0.71700
416.20	0.71357
416.40	0.70977
416.60	0.70032
416.80	0.69744
417.00	0.69180
417.20	0.68337
417.40	0.68027
417.60	0.67480
417.80	0.66443
418.00	0.66283
418.20	0.65591
418.40	0.64904
418.60	0.64299
418.80	0.63437
419.00	0.62897
419.20	0.62037
419.40	0.61296
419.60	0.60766
419.80	0.59652
420.00	0.58918
420.20	0.58096
420.40	0.57127
420.60	0.56189
420.80	0.55283
421.00	0.54141
421.20	0.53155
421.40	0.52318
421.60	0.50939
421.80	0.50073
422.00	0.48861
422.20	0.47715
422.40	0.46726
422.60	0.45679
422.80	0.44444
423.00	0.43260
423.20	0.42235
423.40	0.40983
423.60	0.39785
423.80	0.38639
424.00	0.37573
424.20	0.36446
424.40	0.35327
424.60	0.34068
424.80	0.33318
425.00	0.32013
425.20	0.31405
425.40	0.30295
425.60	0.29527
425.80	0.27985
426.00	0.27014
426.20	0.26168
426.40	0.24812
426.60	0.24141
426.80	0.23262
427.00	0.22444
427.20	0.21538
427.40	0.20972
427.60	0.20003
427.80	0.19284
428.00	0.18421
428.20	0.17790
428.40	0.17070
428.60	0.16422
428.80	0.15929
429.00	0.15061
429.20	0.14370
429.40	0.14257
429.60	0.13543
429.80	0.12918
430.00	0.12323
430.20	0.12046
430.40	0.11323
430.60	0.10901
430.80	0.10550
431.00	0.10098
431.20	0.097059
431.40	0.093776
431.60	0.089089
431.80	0.087537
432.00	0.082134
432.20	0.079477
432.40	0.078402
432.60	0.069795
432.80	0.068970
433.00	0.067149
433.20	0.062661
433.40	0.059576
433.60	0.056372
433.80	0.054243
434.00	0.052770
434.20	0.053238
434.40	0.052711
434.60	0.050681
434.80	0.050382
435.00	0.047069
435.20	0.044790
435.40	0.043158
435.60	0.045447
435.80	0.042273
436.00	0.041626
436.20	0.040352
436.40	0.038163
436.60	0.038890
436.80	0.034651
437.00	0.034800
437.20	0.033467
437.40	0.032044
437.60	0.031944
437.80	0.033387
438.00	0.029726
438.20	0.031357
438.40	0.029218
438.60	0.028342
438.80	0.027337
439.00	0.026641
439.20	0.027407
439.40	0.024721
439.60	0.026512
439.80	0.025676
440.00	0.022860
440.20	0.024541
440.40	0.023626
440.60	0.024432
440.80	0.021029
441.00	0.025298
441.20	0.022760
441.40	0.020362
441.60	0.021308
441.80	0.020920
442.00	0.021188
442.20	0.021735
442.40	0.021855
442.60	0.020432
442.80	0.020581
443.00	0.022114
443.20	0.021437
443.40	0.019566
443.60	0.022303
443.80	0.018800
444.00	0.019855
444.20	0.019954
444.40	0.020959
444.60	0.020432
444.80	0.021387
445.00	0.019497
445.20	0.018094
445.40	0.018372
445.60	0.020084
445.80	0.019745
446.00	0.017865
446.20	0.019367
446.40	0.018143
446.60	0.020830
446.80	0.015974
447.00	0.019258
447.20	0.018551
447.40	0.016074
447.60	0.015775
447.80	0.017517
448.00	0.017825
448.20	0.020233
448.40	0.021069
448.60	0.016581
448.80	0.016830
449.00	0.019646
449.20	0.021059
449.40	0.017974
449.60	0.020104
449.80	0.018074
450.00	0.017895
450.20	0.020064
450.40	0.020482
450.60	0.022412
450.80	0.018332
451.00	0.019686
451.20	0.019427
451.40	0.019507
451.60	0.019994
451.80	0.017656
452.00	0.017407
452.20	0.017905
452.40	0.018382
452.60	0.017487
452.80	0.020512
453.00	0.019686
453.20	0.020303
453.40	0.019517
453.60	0.021895
453.80	0.020044
454.00	0.021318
454.20	0.019735
454.40	0.019895
454.60	0.020671
454.80	0.020601
455.00	0.021815
455.20	0.022820
455.40	0.020969
455.60	0.019915
455.80	0.023109
456.00	0.020949
456.20	0.018850
456.40	0.022840
456.60	0.022133
456.80	0.020512
457.00	0.021805
457.20	0.021944
457.40	0.020611
457.60	0.021795
457.80	0.021327
458.00	0.022571
458.20	0.021646
458.40	0.022263
458.60	0.021467
458.80	0.021178
459.00	0.023218
459.20	0.020979
459.40	0.021327
459.60	0.021706
459.80	0.023885
460.00	0.022661
460.20	0.024084
460.40	0.023128
460.60	0.021238
460.80	0.022900
461.00	0.024243
461.20	0.023049
461.40	0.022492
461.60	0.025925
461.80	0.024133
462.00	0.023915
462.20	0.025566
462.40	0.023586
462.60	0.023616
462.80	0.022402
463.00	0.024482
463.20	0.026601
463.40	0.022482
463.60	0.026104
463.80	0.026920
464.00	0.025726
464.20	0.023258
464.40	0.025069
464.60	0.028114
464.80	0.026124
465.00	0.025576
465.20	0.026890
465.40	0.025437
465.60	0.025755
465.80	0.026153
466.00	0.026532
466.20	0.025944
466.40	0.027487
466.60	0.027915
466.80	0.026591
467.00	0.026502
467.20	0.026104
467.40	0.027268
467.60	0.025536
467.80	0.025377
468.00	0.025328
468.20	0.026840
468.40	0.029009
468.60	0.026362
468.80	0.026253
469.00	0.025745
469.20	0.026711
469.40	0.028900
469.60	0.027656
469.80	0.026591
470.00	0.027407
470.20	0.026949
470.40	0.027129
470.60	0.027885
470.80	0.027228
471.00	0.026193
471.20	0.025885
471.40	0.026711
471.60	0.026850
471.80	0.025497
472.00	0.028870
472.20	0.026293
472.40	0.029119
472.60	0.027865
472.80	0.027546
473.00	0.026790
473.20	0.029646
473.40	0.025527
473.60	0.027158
473.80	0.029238
474.00	0.029119
474.20	0.028671
474.40	0.027556
474.60	0.029069
474.80	0.027925
475.00	0.030233
475.20	0.029925
475.40	0.027795
475.60	0.030721
475.80	0.031935
476.00	0.029855
476.20	0.028939
476.40	0.029109
476.60	0.030213
476.80	0.029367
477.00	0.029805
477.20	0.027735
477.40	0.029099
477.60	0.028541
477.80	0.030800
478.00	0.031467
478.20	0.028114
478.40	0.030681
478.60	0.029706
478.80	0.030422
479.00	0.029367
479.20	0.030223
479.40	0.029666
479.60	0.031367
479.80	0.031328
480.00	0.030611
480.20	0.030163
480.40	0.032213
480.60	0.031039
480.80	0.030253
481.00	0.029676
481.20	0.030999
481.40	0.032372
481.60	0.030472
481.80	0.031885
482.00	0.031795
482.20	0.032074
482.40	0.032163
482.60	0.030392
482.80	0.028591
483.00	0.032333
483.20	0.032143
483.40	0.031566
483.60	0.030412
483.80	0.030601
484.00	0.031298
484.20	0.032940
484.40	0.032263
484.60	0.031208
484.80	0.034671
485.00	0.034571
485.20	0.034402
485.40	0.033726
485.60	0.033596
485.80	0.034830
486.00	0.032064
486.20	0.035745
486.40	0.036193
486.60	0.036940
486.80	0.034920
487.00	0.034004
487.20	0.036741
487.40	0.035338
487.60	0.035785
487.80	0.035974
488.00	0.036492
488.20	0.037188
488.40	0.035566
488.60	0.038352
488.80	0.037785
489.00	0.038750
489.20	0.040940
489.40	0.037218
489.60	0.037925
489.80	0.043407
490.00	0.040830
490.20	0.040989
490.40	0.041009
490.60	0.040551
490.80	0.041198
491.00	0.040950
491.20	0.043616
491.40	0.043029
491.60	0.044910
491.80	0.047895
492.00	0.045367
492.20	0.045507
492.40	0.050621
492.60	0.049815
492.80	0.052402
493.00	0.050651
493.20	0.048661
493.40	0.049188
493.60	0.050402
493.80	0.052581
494.00	0.051119
494.20	0.050392
494.40	0.052432
494.60	0.051258
494.80	0.052611
495.00	0.052462
495.20	0.054293
495.40	0.055328
495.60	0.055119
495.80	0.055974
496.00	0.058970
496.20	0.057377
496.40	0.058920
496.60	0.057646
496.80	0.058661
497.00	0.057895
497.20	0.055915
497.40	0.055487
497.60	0.056243
497.80	0.061278
498.00	0.060910
498.20	0.059795
498.40	0.063079
498.60	0.062651
498.80	0.063228
499.00	0.061397
499.20	0.064402
499.40	0.063994
499.60	0.063785
499.80	0.064671
500.00	0.065099
500.20	0.065437
500.40	0.065756
500.60	0.064552
500.80	0.064064
501.00	0.065417
501.20	0.064999
501.40	0.066353
501.60	0.069258
501.80	0.067865
502.00	0.066999
502.20	0.068810
502.40	0.068980
502.60	0.069139
502.80	0.070860
503.00	0.069169
503.20	0.070263
503.40	0.071537
503.60	0.072084
503.80	0.072452
504.00	0.070104
504.20	0.070074
504.40	0.072094
504.60	0.069626
504.80	0.072980
505.00	0.070283
505.20	0.071248
505.40	0.074641
505.60	0.072243
505.80	0.073129
506.00	0.074184
506.20	0.072970
506.40	0.074761
506.60	0.073049
506.80	0.073407
507.00	0.073626
507.20	0.072741
507.40	0.073427
507.60	0.074084
507.80	0.075666
508.00	0.071457
508.20	0.073646
508.40	0.071109
508.60	0.074771
508.80	0.069437
509.00	0.073218
509.20	0.073547
509.40	0.073188
509.60	0.071945
509.80	0.072253
510.00	0.072601
510.20	0.072840
510.40	0.070631
510.60	0.070024
510.80	0.069726
511.00	0.069318
511.20	0.067567
511.40	0.067726
511.60	0.066223
511.80	0.067179
512.00	0.068333
512.20	0.065328
512.40	0.064581
512.60	0.062979
512.80	0.066651
513.00	0.065268
513.20	0.064611
513.40	0.063159
513.60	0.061119
513.80	0.059099
514.00	0.062581
514.20	0.061397
514.40	0.058054
514.60	0.059089
514.80	0.058014
515.00	0.056790
515.20	0.058014
515.40	0.055775
515.60	0.054412
515.80	0.056790
516.00	0.053825
516.20	0.053487
516.40	0.050920
516.60	0.052810
516.80	0.052651
517.00	0.051636
517.20	0.050392
517.40	0.049417
517.60	0.047935
517.80	0.050273
518.00	0.046004
518.20	0.046989
518.40	0.048621
518.60	0.046522
518.80	0.047756
519.00	0.046661
519.20	0.044890
519.40	0.044283
519.60	0.046193
519.80	0.043805
520.00	0.041636
520.20	0.044273
520.40	0.044522
520.60	0.040462
520.80	0.040860
521.00	0.043915
521.20	0.041954
521.40	0.040303
521.60	0.039935
521.80	0.040482
522.00	0.041547
522.20	0.040830
522.40	0.039487
522.60	0.039676
522.80	0.040551
523.00	0.039726
523.20	0.040004
523.40	0.039447
523.60	0.041168
523.80	0.039576
524.00	0.039268
524.20	0.039586
524.40	0.041019
524.60	0.038731
524.80	0.040890
525.00	0.038472
525.20	0.039994
525.40	0.040452
525.60	0.041079
525.80	0.040044
526.00	0.041666
526.20	0.038880
526.40	0.039905
526.60	0.041188
526.80	0.041039
527.00	0.042860
527.20	0.043437
527.40	0.042731
527.60	0.045477
527.80	0.043825
528.00	0.042372
528.20	0.043746
528.40	0.046581
528.60	0.043606
528.80	0.047248
529.00	0.047158
529.20	0.049079
529.40	0.049477
529.60	0.049636
529.80	0.050840
530.00	0.048502
530.20	0.049666
530.40	0.051119
530.60	0.049994
530.80	0.053218
531.00	0.054482
531.20	0.051765
531.40	0.057079
531.60	0.054761
531.80	0.058054
532.00	0.060064
532.20	0.058432
532.40	0.058372
532.60	0.058840
532.80	0.060134
533.00	0.060800
533.20	0.061348
533.40	0.061547
533.60	0.061188
533.80	0.062004
534.00	0.061815
534.20	0.061815
534.40	0.064651
534.60	0.063467
534.80	0.063447
535.00	0.063547
535.20	0.064343
535.40	0.066114
535.60	0.067815
535.80	0.067089
536.00	0.066283
536.20	0.065835
536.40	0.065278
536.60	0.064611
536.80	0.063955
537.00	0.067487
537.20	0.068472
537.40	0.065666
537.60	0.066084
537.80	0.065208
538.00	0.063945
538.20	0.066064
538.40	0.065716
538.60	0.064890
538.80	0.065089
539.00	0.065258
539.20	0.063338
539.40	0.062323
539.60	0.062343
539.80	0.061169
540.00	0.061218
540.20	0.061228
540.40	0.063457
540.60	0.059756
540.80	0.059507
541.00	0.058950
541.20	0.058412
541.40	0.057686
541.60	0.056562
541.80	0.058741
542.00	0.056293
542.20	0.054442
542.40	0.055407
542.60	0.054183
542.80	0.055039
543.00	0.056999
543.20	0.052283
543.40	0.052124
543.60	0.051636
543.80	0.052164
544.00	0.050402
544.20	0.048910
544.40	0.051497
544.60	0.049507
544.80	0.046969
545.00	0.049507
545.20	0.047566
545.40	0.045596
545.60	0.046432
545.80	0.047557
546.00	0.044532
546.20	0.044631
546.40	0.046860
546.60	0.045039
546.80	0.042651
547.00	0.044293
547.20	0.043895
547.40	0.043547
547.60	0.043328
547.80	0.042223
548.00	0.040452
548.20	0.040721
548.40	0.041348
548.60	0.039885
548.80	0.038880
549.00	0.038263
549.20	0.038522
549.40	0.039596
549.60	0.039646
549.80	0.039328
550.00	0.038482
550.20	0.036561
550.40	0.039208
550.60	0.037407
550.80	0.035666
551.00	0.036124
551.20	0.033895
551.40	0.037447
551.60	0.036124
551.80	0.036611
552.00	0.034691
552.20	0.034183
552.40	0.036949
552.60	0.033527
552.80	0.031944
553.00	0.032940
553.20	0.036372
553.40	0.030422
553.60	0.032462
553.80	0.033258
554.00	0.030143
554.20	0.031895
554.40	0.032243
554.60	0.031905
554.80	0.030104
555.00	0.031696
555.20	0.032472
555.40	0.031188
555.60	0.030462
555.80	0.031676
556.00	0.029576
556.20	0.028153
556.40	0.028253
556.60	0.028989
556.80	0.029666
557.00	0.029566
557.20	0.028263
557.40	0.027865
557.60	0.029228
557.80	0.028561
558.00	0.030422
558.20	0.027477
558.40	0.030303
558.60	0.026870
558.80	0.025905
559.00	0.025905
559.20	0.028034
559.40	0.023895
559.60	0.023039
559.80	0.024153
560.00	0.022243
560.20	0.021805
560.40	0.022233
560.60	0.021875
560.80	0.021347
561.00	0.021785
561.20	0.022263
561.40	0.020591
561.60	0.021417
561.80	0.021915
562.00	0.023089
562.20	0.024452
562.40	0.024054
562.60	0.024382
562.80	0.021566
563.00	0.023039
563.20	0.022810
563.40	0.024044
563.60	0.023188
563.80	0.022730
564.00	0.021905
564.20	0.020392
564.40	0.022721
564.60	0.020313
564.80	0.021696
565.00	0.022561
565.20	0.020900
565.40	0.020740
565.60	0.019646
565.80	0.020024
566.00	0.023487
566.20	0.023586
566.40	0.022332
566.60	0.019716
566.80	0.018820
567.00	0.019676
567.20	0.021258
567.40	0.018263
567.60	0.020691
567.80	0.021158
568.00	0.018392
568.20	0.017138
568.40	0.017517
568.60	0.020890
568.80	0.016800
569.00	0.019765
569.20	0.018880
569.40	0.018621
569.60	0.017517
569.80	0.019248
570.00	0.018133
570.20	0.019417
570.40	0.017566
570.60	0.018074
570.80	0.016561
571.00	0.017626
571.20	0.017079
571.40	0.017278
571.60	0.016472
571.80	0.018084
572.00	0.017775
572.20	0.018193
572.40	0.017009
572.60	0.017218
572.80	0.015725
573.00	0.017507
573.20	0.018711
573.40	0.018601
573.60	0.015994
573.80	0.018123
574.00	0.017706
574.20	0.015805
574.40	0.017089
574.60	0.016074
574.80	0.017168
575.00	0.016611
575.20	0.016691
575.40	0.014034
575.60	0.014800
575.80	0.018223
576.00	0.014273
576.20	0.015109
576.40	0.017755
576.60	0.015327
576.80	0.014193
577.00	0.016790
577.20	0.017168
577.40	0.015596
577.60	0.015158
577.80	0.016959
578.00	0.015556
578.20	0.016521
578.40	0.017327
578.60	0.015835
578.80	0.015666
579.00	0.015855
579.20	0.014541
579.40	0.015725
579.60	0.013109
579.80	0.017288
580.00	0.016044
580.20	0.014959
580.40	0.016750
580.60	0.017318
580.80	0.015158
581.00	0.015248
581.20	0.015467
581.40	0.017288
581.60	0.014571
581.80	0.016283
582.00	0.016730
582.20	0.013049
582.40	0.017477
582.60	0.016114
582.80	0.014432
583.00	0.014681
583.20	0.017069
583.40	0.014919
583.60	0.016621
583.80	0.018382
584.00	0.018382
584.20	0.017656
584.40	0.016203
584.60	0.017497
584.80	0.016173
585.00	0.016233
585.20	0.019009
585.40	0.016999
585.60	0.014740
585.80	0.019755
586.00	0.017546
586.20	0.019079
586.40	0.018382
586.60	0.018979
586.80	0.019148
587.00	0.021347
587.20	0.022024
587.40	0.021596
587.60	0.019477
587.80	0.021646
588.00	0.021367
588.20	0.019835
588.40	0.021278
588.60	0.024531
588.80	0.021278
589.00	0.020263
589.20	0.023288
589.40	0.021427
589.60	0.020372
589.80	0.022332
590.00	0.024750
590.20	0.022601
590.40	0.024352
590.60	0.027268
590.80	0.022929
591.00	0.023288
591.20	0.026920
591.40	0.028024
591.60	0.027298
591.80	0.028392
592.00	0.029805
592.20	0.026949
592.40	0.029069
592.60	0.030094
592.80	0.028979
593.00	0.030949
593.20	0.031258
593.40	0.030561
593.60	0.031188
593.80	0.034969
594.00	0.032064
594.20	0.032362
594.40	0.034044
594.60	0.034671
594.80	0.033248
595.00	0.034024
595.20	0.038333
595.40	0.037367
595.60	0.038044
595.80	0.039049
596.00	0.038989
596.20	0.039357
596.40	0.038701
596.60	0.040432
596.80	0.040313
597.00	0.039417
597.20	0.040014
597.40	0.041666
597.60	0.039815
597.80	0.042721
598.00	0.041228
598.20	0.042104
598.40	0.044004
598.60	0.044671
598.80	0.045716
599.00	0.044044
599.20	0.046830
599.40	0.048173
599.60	0.044751
599.80	0.048940
600.00	0.047686
600.20	0.044263
600.40	0.048024
600.60	0.047596
600.80	0.045795
601.00	0.047706
601.20	0.049477
601.40	0.048472
601.60	0.047875
601.80	0.049815
602.00	0.050711
602.20	0.049835
602.40	0.050631
602.60	0.049974
602.80	0.050154
603.00	0.050552
603.20	0.053059
603.40	0.053566
603.60	0.050064
603.80	0.051547
604.00	0.050154
604.20	0.052532
604.40	0.052293
604.60	0.052432
604.80	0.051557
605.00	0.051487
605.20	0.050203
605.40	0.052989
605.60	0.052920
605.80	0.052562
606.00	0.050790
606.20	0.051009
606.40	0.051636
606.60	0.052860
606.80	0.052502
607.00	0.049168
607.20	0.052044
607.40	0.052193
607.60	0.050790
607.80	0.051497
608.00	0.053208
608.20	0.048969
608.40	0.050472
608.60	0.051945
608.80	0.049109
609.00	0.047676
609.20	0.052014
609.40	0.049089
609.60	0.046731
609.80	0.048651
610.00	0.049437
610.20	0.045885
610.40	0.046014
610.60	0.048830
610.80	0.048044
611.00	0.044024
611.20	0.047935
611.40	0.045994
611.60	0.045576
611.80	0.045258
612.00	0.044552
612.20	0.043925
612.40	0.046343
612.60	0.044651
612.80	0.046651
613.00	0.044671
613.20	0.041974
613.40	0.042721
613.60	0.042850
613.80	0.041338
614.00	0.043387
614.20	0.041825
614.40	0.040074
614.60	0.042333
614.80	0.041527
615.00	0.039188
615.20	0.039527
615.40	0.042323
615.60	0.038601
615.80	0.038701
616.00	0.041765
616.20	0.038671
616.40	0.039029
616.60	0.039268
616.80	0.037059
617.00	0.037397
617.20	0.039198
617.40	0.039119
617.60	0.035318
617.80	0.037417
618.00	0.039129
618.20	0.035954
618.40	0.036253
618.60	0.036522
618.80	0.034711
619.00	0.031865
619.20	0.035168
619.40	0.033377
619.60	0.033546
619.80	0.033964
620.00	0.035347
620.20	0.034084
620.40	0.034641
620.60	0.035537
620.80	0.033039
621.00	0.034293
621.20	0.032313
621.40	0.032999
621.60	0.035298
621.80	0.032323
622.00	0.033656
622.20	0.031676
622.40	0.031785
622.60	0.032173
622.80	0.034631
623.00	0.032024
623.20	0.030721
623.40	0.034124
623.60	0.031357
623.80	0.030502
624.00	0.032313
624.20	0.029994
624.40	0.030134
624.60	0.032352
624.80	0.030193
625.00	0.030492
625.20	0.028740
625.40	0.032512
625.60	0.029109
625.80	0.030472
626.00	0.032313
626.20	0.030203
626.40	0.029935
626.60	0.030870
626.80	0.029696
627.00	0.026163
627.20	0.029845
627.40	0.030104
627.60	0.028213
627.80	0.029805
628.00	0.029795
628.20	0.029745
628.40	0.027696
628.60	0.030333
628.80	0.030004
629.00	0.029457
629.20	0.030333
629.40	0.029387
629.60	0.027318
629.80	0.029298
630.00	0.027527
630.20	0.028939
630.40	0.029875
630.60	0.027974
630.80	0.030313
631.00	0.028313
631.20	0.029915
631.40	0.030581
631.60	0.028323
631.80	0.030074
632.00	0.031636
632.20	0.029248
632.40	0.027497
632.60	0.031328
632.80	0.032074
633.00	0.029158
633.20	0.028233
633.40	0.034124
633.60	0.029954
633.80	0.032571
634.00	0.032691
634.20	0.033576
634.40	0.031178
634.60	0.031178
634.80	0.034492
635.00	0.032721
635.20	0.034711
635.40	0.035736
635.60	0.034163
635.80	0.036571
636.00	0.036124
636.20	0.037298
636.40	0.037347
636.60	0.039248
636.80	0.038800
637.00	0.038731
637.20	0.040800
637.40	0.042054
637.60	0.042810
637.80	0.042502
638.00	0.045129
638.20	0.044064
638.40	0.046532
638.60	0.046372
638.80	0.049935
639.00	0.048681
639.20	0.048631
639.40	0.050890
639.60	0.051457
639.80	0.052054
640.00	0.054890
640.20	0.056820
640.40	0.056253
640.60	0.058890
640.80	0.062203
641.00	0.061258
641.20	0.064562
641.40	0.066661
641.60	0.067517
641.80	0.068263
642.00	0.071835
642.20	0.075169
642.40	0.074572
642.60	0.076542
642.80	0.078761
643.00	0.081567
643.20	0.081099
643.40	0.085985
643.60	0.085527
643.80	0.089388
644.00	0.091467
644.20	0.093587
644.40	0.095169
644.60	0.10183
644.80	0.10217
645.00	0.10721
645.20	0.10764
645.40	0.11360
645.60	0.11499
645.80	0.11671
646.00	0.12256
646.20	0.12824
646.40	0.12890
646.60	0.13171
646.80	0.13810
647.00	0.14068
647.20	0.14379
647.40	0.15000
647.60	0.15312
647.80	0.15666
648.00	0.16177
648.20	0.16641
648.40	0.16976
648.60	0.17627
648.80	0.18211
649.00	0.18462
649.20	0.19011
649.40	0.19755
649.60	0.20104
649.80	0.20614
650.00	0.21194
650.20	0.21755
650.40	0.22123
650.60	0.22681
650.80	0.23342
651.00	0.23586
651.20	0.24102
651.40	0.25055
651.60	0.25366
651.80	0.25791
652.00	0.26443
652.20	0.26802
652.40	0.26981
652.60	0.27553
652.80	0.28219
653.00	0.28362
653.20	0.28985
653.40	0.29425
653.60	0.29752
653.80	0.30220
654.00	0.30554
654.20	0.30624
654.40	0.30982
654.60	0.31249
654.80	0.31759
655.00	0.31742
655.20	0.32019
655.40	0.32307
655.60	0.32407
655.80	0.32267
656.00	0.32385
656.20	0.32789
656.40	0.32222
656.60	0.32491
656.80	0.32638
657.00	0.32639
657.20	0.32479
657.40	0.32516
657.60	0.32308
657.80	0.31990
658.00	0.31648
658.20	0.31936
658.40	0.31464
658.60	0.31216
658.80	0.31324
659.00	0.30497
659.20	0.30537
659.40	0.30187
659.60	0.29568
659.80	0.29085
660.00	0.29047
660.20	0.28725
660.40	0.28227
660.60	0.27828
660.80	0.27716
661.00	0.27205
661.20	0.26615
661.40	0.26114
661.60	0.26056
661.80	0.25391
662.00	0.25251
662.20	0.24630
662.40	0.24300
662.60	0.23308
662.80	0.22941
663.00	0.22601
663.20	0.21943
663.40	0.21488
663.60	0.21087
663.80	0.20448
664.00	0.20010
664.20	0.19705
664.40	0.18920
664.60	0.18538
664.80	0.18302
665.00	0.17852
665.20	0.17148
665.40	0.16970
665.60	0.16337
665.80	0.15770
666.00	0.15631
666.20	0.15292
666.40	0.14483
666.60	0.14004
666.80	0.14018
667.00	0.13090
667.20	0.12483
667.40	0.12562
667.60	0.11850
667.80	0.11622
668.00	0.11322
668.20	0.10944
668.40	0.10414
668.60	0.10325
668.80	0.099706
669.00	0.096771
669.20	0.092860
669.40	0.091955
669.60	0.090781
669.80	0.085766
670.00	0.086343
670.20	0.084472
670.40	0.078810
670.60	0.077577
670.80	0.075656
671.00	0.074184
671.20	0.069895
671.40	0.067656
671.60	0.067805
671.80	0.062014
672.00	0.061805
672.20	0.061407
672.40	0.057089
672.60	0.057387
672.80	0.054830
673.00	0.052721
673.20	0.052054
673.40	0.050044
673.60	0.049765
673.80	0.044144
674.00	0.042999
674.20	0.044442
674.40	0.041467
674.60	0.039785
674.80	0.039885
675.00	0.037228
675.20	0.035616
675.40	0.036830
675.60	0.033278
675.80	0.031726
676.00	0.032014
676.20	0.029935
676.40	0.028074
676.60	0.028512
676.80	0.028790
677.00	0.026930
677.20	0.023308
677.40	0.026243
677.60	0.026571
677.80	0.023845
678.00	0.022910
678.20	0.023716
678.40	0.022342
678.60	0.021119
678.80	0.021288
679.00	0.023278
679.20	0.018581
679.40	0.019646
679.60	0.023258
679.80	0.015606
680.00	0.016969
680.20	0.017198
680.40	0.017288
680.60	0.013895
680.80	0.016203
681.00	0.016979
681.20	0.012123
681.40	0.013895
681.60	0.017526
681.80	0.012651
682.00	0.013815
682.20	0.014233
682.40	0.013735
682.60	0.010720
682.80	0.012919
683.00	0.013805
683.20	0.0089991
683.40	0.010402
683.60	0.013327
683.80	0.0098349
684.00	0.0087304
684.20	0.011686
684.40	0.010770
684.60	0.0064418
684.80	0.013686
685.00	0.011696
685.20	0.0069692
685.40	0.0084219
685.60	0.011218
685.80	0.0055673
686.00	0.0081831
686.20	0.010143
686.40	0.0099045
686.60	0.0079344
686.80	0.0070985
687.00	0.0074667
687.20	0.0038547
687.40	0.0052898
687.60	0.0097155
687.80	0.0073573
688.00	0.0058002
688.20	0.0065314
688.40	0.0035164
688.60	0.0031085
688.80	0.0036259
689.00	0.0063722
689.20	0.0014866
689.40	0.0019244
689.60	0.0042768
689.80	0.0014965
690.00	0.0017652
690.20	0.0022727
690.40	0.0051548
690.60	0.0011781
690.80	0.0018149
691.00	0.0013572
691.20	0.0024617
691.40	0.0036657
691.60	0.0083423
691.80	0.0050039
692.00	0.0047344
692.20	0.0097354
692.40	0.0094866
692.60	0.0083722
692.80	0.010064
693.00	0.0096558
693.20	0.0095861
693.40	0.011954
693.60	0.012671
693.80	0.0091682
694.00	0.0086906
694.20	0.0090190
694.40	0.0071583
694.60	0.0014866
694.80	0.0042567
695.00	0.0062627
695.20	0.0059448
695.40	0.0053805
695.60	0.0070886
695.80	0.0038747
696.00	0.0033672
696.20	0.0068000
696.40	0.0057133
696.60	0.0038149
696.80	0.0054019
697.00	0.0077951
697.20	0.0055346
697.40	0.0043146
697.60	0.0067801
697.80	0.0053718
698.00	0.0024916
698.20	0.0068199
698.40	0.0056685
698.60	0.0017254
698.80	0.0041061
699.00	0.0067602
699.20	0.0021632
699.40	0.0027204
699.60	0.0068796
699.80	0.0070488
700.00	0.0057140
700.20	0.0071682
700.40	0.0060339
700.60	0.0013473
700.80	0.0060836
701.00	0.0038348
701.20	0.0033771
701.40	0.0042999
701.60	0.0073473
701.80	0.0036458
702.00	0.0040174
702.20	0.0054760
702.40	0.0049035
702.60	0.0036557
702.80	0.0059518
703.00	0.0040201
703.20	0.0051242
703.40	0.0026806
703.60	0.0042859
703.80	0.0045262
704.00	0.0028299
704.20	0.0040328
704.40	0.0035363
704.60	0.0021831
704.80	0.0049955
705.00	0.0039344
705.20	0.0037353
705.40	0.0043646
705.60	0.0070189
705.80	0.0060140
706.00	0.0035463
706.20	0.0077254
706.40	0.0073672
706.60	0.0039642
706.80	0.0029891
707.00	0.0052487
707.20	0.0060538
707.40	0.0036159
707.60	0.0028995
707.80	0.0033075
708.00	0.0021234
708.20	0.0056670
708.40	0.0048184
708.60	0.0035164
708.80	0.0055854
709.00	0.0045385
709.20	0.0047128
709.40	0.0035861
709.60	0.0054822
709.80	0.0046973
710.00	0.0037751
710.20	0.0050227
710.40	0.0059176
710.60	0.0040378
710.80	0.0034368
711.00	0.0067503
711.20	0.0051496
711.40	0.0047802
711.60	0.0068498
711.80	0.0063523
712.00	0.0065712
712.20	0.0051022
712.40	0.0062627
712.60	0.0041050
712.80	0.0059742
713.00	0.0061234
713.20	0.0057045
713.40	0.0056867
713.60	0.0050103
713.80	0.0042617
714.00	0.0042669
714.20	0.0028398
714.40	0.0051230
714.60	0.0022926
714.80	0.0033871
715.00	0.0055538
715.20	0.0047280
715.40	0.0038050
715.60	0.0069692
715.80	0.0050568
716.00	0.0036756
716.20	0.0035065
716.40	0.0077354
716.60	0.0044617
716.80	0.0033174
717.00	0.0067901
717.20	0.0017154
717.40	0.0038149
717.60	0.0042314
717.80	0.0037751
718.00	0.0081234
718.20	0.0079045
718.40	0.0074468
718.60	0.0050969
718.80	0.0061234
719.00	0.0076757
719.20	0.0056027
719.40	0.0065712
719.60	0.0083423
719.80	0.0059381
720.00	0.0025569
720.20	0.0046473
720.40	0.0042235
720.60	0.0019940
720.80	0.0027204
721.00	0.0040240
721.20	0.0027105
721.40	0.0021632
721.60	0.0068498
721.80	0.0018149
722.00	0.0024020
722.20	0.0053414
722.40	0.0033871
722.60	0.0034866
722.80	0.0067602
723.00	0.0060339
723.20	0.0025214
723.40	0.0026607
723.60	0.0040614
723.80	0.0025712
724.00	0.0021492
724.20	0.0048949
724.40	0.0059225
724.60	0.0044179
724.80	0.0064717
725.00	0.0059048
725.20	0.0047891
725.40	0.0055819
725.60	0.0021532
725.80	0.0037552
726.00	0.0040829
726.20	0.0059081
726.40	0.0050157
726.60	0.0029194
726.80	0.0053797
727.00	0.0067801
727.20	0.0058694
727.40	0.0041849
727.60	0.0053058
727.80	0.0032975
728.00	0.0026508
728.20	0.0059841
728.40	0.0062826
728.60	0.0030587
728.80	0.0075364
729.00	0.0075165
729.20	0.0045172
729.40	0.0039835
729.60	0.0073374
729.80	0.0042918
730.00	0.0027204
730.20	0.0061234
730.40	0.0055116
730.60	0.0022926
730.80	0.0056590
731.00	0.0065911
731.20	0.0065911
731.40	0.0048836
731.60	0.0043396
731.80	0.0049096
732.00	0.0027602
732.20	0.0064916
732.40	0.0046823
732.60	0.0029393
732.80	0.0034667
733.00	0.0039045
733.20	0.0021035
733.40	0.0026309
733.60	0.0037055
733.80	0.0034567
734.00	0.0030289
734.20	0.0040579
734.40	0.0032577
734.60	0.0021035
734.80	0.0029493
735.00	0.0059084
735.20	0.0052171
735.40	0.0027602
735.60	0.0058315
735.80	0.0045776
736.00	0.0038946
736.20	0.0041704
736.40	0.0045033
736.60	0.0039443
736.80	0.0044190
737.00	0.0067801
737.20	0.0044599
737.40	0.0021035
737.60	0.0028995
737.80	0.0028498
738.00	0.0024219
738.20	0.0040296
738.40	0.0040453
738.60	0.0034667
738.80	0.0029194
739.00	0.0063722
739.20	0.0059066
739.40	0.0035761
739.60	0.0061931
739.80	0.0056222
740.00	0.0040264
740.20	0.0068498
740.40	0.0055070
740.60	0.0031284
740.80	0.0031881
741.00	0.0055737
741.20	0.0038747
741.40	0.0043507
741.60	0.0054447
741.80	0.0026707
742.00	0.0030189
742.20	0.0042063
742.40	0.0028995
742.60	0.0021234
742.80	0.0032776
743.00	0.0047576
743.20	0.0041864
743.40	0.0028100
743.60	0.0052107
743.80	0.0058339
744.00	0.0040405
744.20	0.0054631
744.40	0.0055646
744.60	0.0068100
744.80	0.0037154
745.00	0.0066408
745.20	0.0057917
745.40	0.0030985
745.60	0.0063921
745.80	0.0046896
746.00	0.0014667
746.20	0.0045179
746.40	0.0053245
746.60	0.0017552
746.80	0.0024418
747.00	0.0041889
747.20	0.0047434
747.40	0.0030985
747.60	0.0030587
747.80	0.0035761
748.00	0.0022229
748.20	0.0013333
748.40	0.0033771
748.60	0.0026408
748.80	0.0054854
749.00	0.0047597
749.20	0.0019443
749.40	0.0025413
749.60	0.0028896
749.80	0.0034368
750.00	0.0050275
