Wavelength (nm)	"151, JCS C 1966_880, F2"
200.00	
201.00	
202.00	
203.00	
204.00	
205.00	
206.00	
207.00	
208.00	
209.00	
210.00	
211.00	
212.00	
213.00	
214.00	
215.00	
216.00	
217.00	
218.00	
219.00	
220.00	
221.00	
222.00	
223.00	
224.00	
225.00	
226.00	
227.00	
228.00	
229.00	
230.00	
231.00	
232.00	
233.00	
234.00	
235.00	
236.00	
237.00	
238.00	
239.00	
240.00	
241.00	
242.00	
243.00	
244.00	
245.00	
246.00	
247.00	
248.00	
249.00	
250.00	
251.00	
252.00	
253.00	
254.00	
255.00	
256.00	
257.00	
258.00	
259.00	
260.00	
261.00	
262.00	
263.00	
264.00	
265.00	
266.00	
267.00	
268.00	
269.00	
270.00	
271.00	
272.00	
273.00	
274.00	
275.00	
276.00	
277.00	
278.00	
279.00	
280.00	
281.00	
282.00	
283.00	
284.00	
285.00	
286.00	
287.00	
288.00	
289.00	
290.00	
291.00	
292.00	
293.00	
294.00	
295.00	
296.00	
297.00	
298.00	
299.00	
300.00	
301.00	
302.00	
303.00	
304.00	
305.00	
306.00	
307.00	
308.00	
309.00	
310.00	
311.00	
312.00	
313.00	
314.00	
315.00	
316.00	
317.00	
318.00	
319.00	
320.00	
321.00	
322.00	
323.00	
324.00	
325.00	
326.00	
327.00	
328.00	
329.00	
330.00	
331.00	
332.00	
333.00	
334.00	
335.00	
336.00	
337.00	
338.00	
339.00	
340.00	
341.00	
342.00	
343.00	
344.00	
345.00	
346.00	
347.00	
348.00	
349.00	
350.00	0.38682
351.00	0.39832
352.00	0.40981
353.00	0.42131
354.00	0.43230
355.00	0.44141
356.00	0.45052
357.00	0.45964
358.00	0.46741
359.00	0.47391
360.00	0.48041
361.00	0.48491
362.00	0.48809
363.00	0.49126
364.00	0.49184
365.00	0.48972
366.00	0.48761
367.00	0.48479
368.00	0.48177
369.00	0.47854
370.00	0.47131
371.00	0.46408
372.00	0.45562
373.00	0.44452
374.00	0.43343
375.00	0.42105
376.00	0.40836
377.00	0.39586
378.00	0.38555
379.00	0.37524
380.00	0.36493
381.00	0.36015
382.00	0.35554
383.00	0.35093
384.00	0.34632
385.00	0.34356
386.00	0.34163
387.00	0.33971
388.00	0.33778
389.00	0.33725
390.00	0.33866
391.00	0.34008
392.00	0.34149
393.00	0.34489
394.00	0.34846
395.00	0.35295
396.00	0.35889
397.00	0.36506
398.00	0.37154
399.00	0.37802
400.00	0.38610
401.00	0.39562
402.00	0.40514
403.00	0.41510
404.00	0.42568
405.00	0.43627
406.00	0.44982
407.00	0.46465
408.00	0.47335
409.00	0.48011
410.00	0.48687
411.00	0.49328
412.00	0.49963
413.00	0.50561
414.00	0.51125
415.00	0.51688
416.00	0.53119
417.00	0.55306
418.00	0.57677
419.00	0.61244
420.00	0.65361
421.00	0.69702
422.00	0.73344
423.00	0.76457
424.00	0.79570
425.00	0.82789
426.00	0.86027
427.00	0.89265
428.00	0.92769
429.00	0.96012
430.00	0.97975
431.00	0.99203
432.00	1.0000
433.00	0.99349
434.00	0.98468
435.00	0.96043
436.00	0.91885
437.00	0.86418
438.00	0.80230
439.00	0.73619
440.00	0.67540
441.00	0.61700
442.00	0.55790
443.00	0.49823
444.00	0.44571
445.00	0.39559
446.00	0.35724
447.00	0.31890
448.00	0.28343
449.00	0.25062
450.00	0.22131
451.00	0.19749
452.00	0.17246
453.00	0.14379
454.00	0.11839
455.00	0.10064
456.00	0.084266
457.00	0.074661
458.00	0.065196
459.00	0.060256
460.00	0.055316
461.00	0.051863
462.00	0.049047
463.00	0.046231
464.00	0.046481
465.00	0.047595
466.00	0.048709
467.00	0.050002
468.00	0.053099
469.00	0.056196
470.00	0.059246
471.00	0.062065
472.00	0.064884
473.00	0.067703
474.00	0.069697
475.00	0.071285
476.00	0.072873
477.00	0.074461
478.00	0.076047
479.00	0.077457
480.00	0.078866
481.00	0.080275
482.00	0.080770
483.00	0.080384
484.00	0.079999
485.00	0.079614
486.00	0.078949
487.00	0.077401
488.00	0.075852
489.00	0.074303
490.00	0.072755
491.00	0.071206
492.00	0.069831
493.00	0.068718
494.00	0.067604
495.00	0.066490
496.00	0.067432
497.00	0.069215
498.00	0.070997
499.00	0.072819
500.00	0.076578
501.00	0.080336
502.00	0.084095
503.00	0.087716
504.00	0.091211
505.00	0.094705
506.00	0.098200
507.00	0.10168
508.00	0.10497
509.00	0.10826
510.00	0.11155
511.00	0.11484
512.00	0.11813
513.00	0.12091
514.00	0.12355
515.00	0.12620
516.00	0.12884
517.00	0.13133
518.00	0.13282
519.00	0.13431
520.00	0.13580
521.00	0.13457
522.00	0.13279
523.00	0.13100
524.00	0.12899
525.00	0.12557
526.00	0.12214
527.00	0.11872
528.00	0.11522
529.00	0.11061
530.00	0.10600
531.00	0.10139
532.00	0.096779
533.00	0.093200
534.00	0.089911
535.00	0.086622
536.00	0.083859
537.00	0.082447
538.00	0.081035
539.00	0.079623
540.00	0.078211
541.00	0.076876
542.00	0.077404
543.00	0.077932
544.00	0.078460
545.00	0.078988
546.00	0.079816
547.00	0.081152
548.00	0.082489
549.00	0.083826
550.00	0.085333
551.00	0.086919
552.00	0.088506
553.00	0.088104
554.00	0.086201
555.00	0.084299
556.00	0.082397
557.00	0.080287
558.00	0.078080
559.00	0.075873
560.00	0.073666
561.00	0.071520
562.00	0.069608
563.00	0.067696
564.00	0.065784
565.00	0.063872
566.00	0.061960
567.00	0.060115
568.00	0.058558
569.00	0.057000
570.00	0.055443
571.00	0.053885
572.00	0.052328
573.00	0.050770
574.00	0.049213
575.00	0.048080
576.00	0.047054
577.00	0.046028
578.00	0.045001
579.00	0.043975
580.00	0.042949
581.00	0.042088
582.00	0.041484
583.00	0.040880
584.00	0.040276
585.00	0.039672
586.00	0.039069
587.00	0.038465
588.00	0.037861
589.00	0.037430
590.00	0.037614
591.00	0.037798
592.00	0.037982
593.00	0.038167
594.00	0.038351
595.00	0.038535
596.00	0.038719
597.00	0.038903
598.00	0.039248
599.00	0.040007
600.00	0.040766
601.00	0.041525
602.00	0.042285
603.00	0.043044
604.00	0.043803
605.00	0.044562
606.00	0.045487
607.00	0.046482
608.00	0.047478
609.00	0.048474
610.00	0.049469
611.00	0.050465
612.00	0.051460
613.00	0.052456
614.00	0.053451
615.00	0.054447
616.00	0.055970
617.00	0.057634
618.00	0.059298
619.00	0.060962
620.00	0.062625
621.00	0.064289
622.00	0.065953
623.00	0.067617
624.00	0.069280
625.00	0.070944
626.00	0.072608
627.00	0.074272
628.00	0.076508
629.00	0.078787
630.00	0.081066
631.00	0.083346
632.00	0.085625
633.00	0.087904
634.00	0.090184
635.00	0.092463
636.00	0.094742
637.00	0.097022
638.00	0.10003
639.00	0.10318
640.00	0.10633
641.00	0.10948
642.00	0.11264
643.00	0.11579
644.00	0.11894
645.00	0.12209
646.00	0.12525
647.00	0.12840
648.00	0.13190
649.00	0.13544
650.00	0.13897
651.00	0.14251
652.00	0.14604
653.00	0.14958
654.00	0.15312
655.00	0.15665
656.00	0.16019
657.00	0.16372
658.00	0.16726
659.00	0.17082
660.00	0.17488
661.00	0.17894
662.00	0.18300
663.00	0.18706
664.00	0.19112
665.00	0.19518
666.00	0.19924
667.00	0.20330
668.00	0.20736
669.00	0.21188
670.00	0.21678
671.00	0.22169
672.00	0.22659
673.00	0.23150
674.00	0.23641
675.00	0.24131
676.00	0.24622
677.00	0.25112
678.00	0.25603
679.00	0.26087
680.00	0.26570
681.00	0.27053
682.00	0.27536
683.00	0.28020
684.00	0.28503
685.00	0.28986
686.00	0.29469
687.00	0.29952
688.00	0.30436
689.00	0.30920
690.00	0.31403
691.00	0.31887
692.00	0.32371
693.00	0.32854
694.00	0.33338
695.00	0.33821
696.00	0.34305
697.00	0.34789
698.00	0.35275
699.00	0.35762
700.00	0.36249
701.00	0.36736
702.00	0.37222
703.00	0.37709
704.00	0.38196
705.00	0.38683
706.00	0.39170
707.00	0.39657
708.00	0.40132
709.00	0.40593
710.00	0.41054
711.00	0.41515
712.00	0.41961
713.00	0.42346
714.00	0.42732
715.00	0.43117
716.00	0.43502
717.00	0.43727
718.00	0.43939
719.00	0.44150
720.00	0.44361
721.00	0.44492
722.00	0.44578
723.00	0.44663
724.00	0.44749
725.00	0.44628
726.00	0.44507
727.00	0.44387
728.00	0.44253
729.00	0.43924
730.00	0.43595
731.00	0.43266
732.00	0.42720
733.00	0.42004
734.00	0.41287
735.00	0.40571
736.00	0.39855
737.00	0.39040
738.00	0.38129
739.00	0.37218
740.00	0.36307
741.00	0.35396
742.00	0.34486
743.00	0.33566
744.00	0.32565
745.00	0.31563
746.00	0.30562
747.00	0.29561
748.00	0.28560
749.00	0.27594
750.00	0.26723
751.00	0.25853
752.00	0.24982
753.00	0.24111
754.00	0.23241
755.00	0.22370
756.00	0.21526
757.00	0.20696
758.00	0.19866
759.00	0.19036
760.00	0.18206
761.00	0.17454
762.00	0.16814
763.00	0.16175
764.00	0.15535
765.00	0.14896
766.00	0.14256
767.00	0.13617
768.00	0.12977
769.00	0.12388
770.00	0.11862
771.00	0.11336
772.00	0.10810
773.00	0.10284
774.00	0.097578
775.00	0.092330
776.00	0.087463
777.00	0.082597
778.00	0.077730
779.00	0.072864
780.00	0.067997
781.00	0.063131
782.00	0.058805
783.00	0.054825
784.00	0.050845
785.00	0.046865
786.00	0.042884
787.00	0.038904
788.00	0.034924
789.00	0.031091
790.00	0.027257
791.00	0.023424
792.00	0.019590
793.00	0.015757
794.00	0.011923
795.00	0.010087
796.00	0.0088136
797.00	0.0075404
798.00	0.0062672
799.00	0.0049939
800.00	0.0037207
801.00	
802.00	
803.00	
804.00	
805.00	
806.00	
807.00	
808.00	
809.00	
810.00	
811.00	
812.00	
813.00	
814.00	
815.00	
816.00	
817.00	
818.00	
819.00	
820.00	
821.00	
822.00	
823.00	
824.00	
825.00	
826.00	
827.00	
828.00	
829.00	
830.00	
831.00	
832.00	
833.00	
834.00	
835.00	
836.00	
837.00	
838.00	
839.00	
840.00	
841.00	
842.00	
843.00	
844.00	
845.00	
846.00	
847.00	
848.00	
849.00	
850.00	
851.00	
852.00	
853.00	
854.00	
855.00	
856.00	
857.00	
858.00	
859.00	
860.00	
861.00	
862.00	
863.00	
864.00	
865.00	
866.00	
867.00	
868.00	
869.00	
870.00	
871.00	
872.00	
873.00	
874.00	
875.00	
876.00	
877.00	
878.00	
879.00	
880.00	
881.00	
882.00	
883.00	
884.00	
885.00	
886.00	
887.00	
888.00	
889.00	
890.00	
891.00	
892.00	
893.00	
894.00	
895.00	
896.00	
897.00	
898.00	
899.00	
900.00	
901.00	
902.00	
903.00	
904.00	
905.00	
906.00	
907.00	
908.00	
909.00	
910.00	
911.00	
912.00	
913.00	
914.00	
915.00	
916.00	
917.00	
918.00	
919.00	
920.00	
921.00	
922.00	
923.00	
924.00	
925.00	
926.00	
927.00	
928.00	
929.00	
930.00	
931.00	
932.00	
933.00	
934.00	
935.00	
936.00	
937.00	
938.00	
939.00	
940.00	
941.00	
942.00	
943.00	
944.00	
945.00	
946.00	
947.00	
948.00	
949.00	
950.00	
951.00	
952.00	
953.00	
954.00	
955.00	
956.00	
957.00	
958.00	
959.00	
960.00	
961.00	
962.00	
963.00	
964.00	
965.00	
966.00	
967.00	
968.00	
969.00	
970.00	
971.00	
972.00	
973.00	
974.00	
975.00	
976.00	
977.00	
978.00	
979.00	
980.00	
981.00	
982.00	
983.00	
984.00	
985.00	
986.00	
987.00	
988.00	
989.00	
990.00	
991.00	
992.00	
993.00	
994.00	
995.00	
996.00	
997.00	
998.00	
999.00	
1000.0	
1001.0	
1002.0	
1003.0	
1004.0	
1005.0	
1006.0	
1007.0	
1008.0	
1009.0	
1010.0	
1011.0	
1012.0	
1013.0	
1014.0	
1015.0	
1016.0	
1017.0	
1018.0	
1019.0	
1020.0	
1021.0	
1022.0	
1023.0	
1024.0	
1025.0	
1026.0	
1027.0	
1028.0	
1029.0	
1030.0	
1031.0	
1032.0	
1033.0	
1034.0	
1035.0	
1036.0	
1037.0	
1038.0	
1039.0	
1040.0	
1041.0	
1042.0	
1043.0	
1044.0	
1045.0	
1046.0	
1047.0	
1048.0	
1049.0	
1050.0	
1051.0	
1052.0	
1053.0	
1054.0	
1055.0	
1056.0	
1057.0	
1058.0	
1059.0	
1060.0	
1061.0	
1062.0	
1063.0	
1064.0	
1065.0	
1066.0	
1067.0	
1068.0	
1069.0	
1070.0	
1071.0	
1072.0	
1073.0	
1074.0	
1075.0	
1076.0	
1077.0	
1078.0	
1079.0	
1080.0	
1081.0	
1082.0	
1083.0	
1084.0	
1085.0	
1086.0	
1087.0	
1088.0	
1089.0	
1090.0	
1091.0	
1092.0	
1093.0	
1094.0	
1095.0	
1096.0	
1097.0	
1098.0	
1099.0	
1100.0	
1101.0	
1102.0	
1103.0	
1104.0	
1105.0	
1106.0	
1107.0	
1108.0	
1109.0	
1110.0	
1111.0	
1112.0	
1113.0	
1114.0	
1115.0	
1116.0	
1117.0	
1118.0	
1119.0	
1120.0	
1121.0	
1122.0	
1123.0	
1124.0	
1125.0	
1126.0	
1127.0	
1128.0	
1129.0	
1130.0	
1131.0	
1132.0	
1133.0	
1134.0	
1135.0	
1136.0	
1137.0	
1138.0	
1139.0	
1140.0	
1141.0	
1142.0	
1143.0	
1144.0	
1145.0	
1146.0	
1147.0	
1148.0	
1149.0	
1150.0	
1151.0	
1152.0	
1153.0	
1154.0	
1155.0	
1156.0	
1157.0	
1158.0	
1159.0	
1160.0	
1161.0	
1162.0	
1163.0	
1164.0	
1165.0	
1166.0	
1167.0	
1168.0	
1169.0	
1170.0	
1171.0	
1172.0	
1173.0	
1174.0	
1175.0	
1176.0	
1177.0	
1178.0	
1179.0	
1180.0	
1181.0	
1182.0	
1183.0	
1184.0	
1185.0	
1186.0	
1187.0	
1188.0	
1189.0	
1190.0	
1191.0	
1192.0	
1193.0	
1194.0	
1195.0	
1196.0	
1197.0	
1198.0	
1199.0	
1200.0	
