450	0.0176071837309622
451	0.0174688415730761
452	0.0173556525348056
453	0.0182611648409694
454	0.0184749663577025
455	0.0196110489270098
456	0.0200679972666943
457	0.0209944705058712
458	0.0229396450894822
459	0.0244781775726401
460	0.0264568896490721
461	0.0295507233617983
462	0.0320324978305434
463	0.035692276734622
464	0.0386771135956804
465	0.0428818767580983
466	0.0479879600400773
467	0.0540875915468749
468	0.0592817107475088
469	0.0676409308331133
470	0.0756857369235219
471	0.0861284737506236
472	0.0972126151279246
473	0.109847865548191
474	0.124566632709955
475	0.140287332469743
476	0.159986417315408
477	0.180155027060565
478	0.202490997279271
479	0.227686038760957
480	0.258058430696867
481	0.289436947417403
482	0.321171799999162
483	0.352571277652711
484	0.395218391961063
485	0.433379866604622
486	0.471725797458697
487	0.516938529967846
488	0.559413764625491
489	0.602366908555834
490	0.651071732504957
491	0.693291243779843
492	0.73506219108825
493	0.771404256746276
494	0.812596682303523
495	0.847915854430512
496	0.880036388179711
497	0.911213679943322
498	0.937955638281371
499	0.956791132686898
500	0.975417017762295
501	0.985641760886061
502	0.994730421440519
503	0.996227032057651
504	1
505	0.998671076846973
506	0.996021614914123
507	0.991854581431129
508	0.98191490699634
509	0.975115180326907
510	0.965527649566738
511	0.951865313428832
512	0.93951093951094
513	0.92246970097133
514	0.906153710713971
515	0.893824489915695
516	0.876267612423964
517	0.861817145204767
518	0.846025178272735
519	0.829160011570435
520	0.810588624920873
521	0.796574145108347
522	0.777461966387048
523	0.763422333454907
524	0.743501062719304
525	0.729272781390045
526	0.717903571323767
527	0.698284138023552
528	0.682638897622611
529	0.668704069355535
530	0.650543516993028
531	0.63671768557762
532	0.619294958057173
533	0.607464607464608
534	0.591446262456034
535	0.573688160007378
536	0.56031089255845
537	0.543118735301146
538	0.530219377124915
539	0.508939837930066
540	0.496878917074357
541	0.480017942558659
542	0.467043125023581
543	0.452261475062778
544	0.435685569236058
545	0.422773634500019
546	0.409769471658723
547	0.394774020181186
548	0.379803721823266
549	0.367248122948449
550	0.351162702954234
551	0.341529058141436
552	0.329220798276173
553	0.315365621554547
554	0.304608470732249
555	0.294337613555855
556	0.281693978762383
557	0.272831696284465
558	0.260309634902469
559	0.251346739946088
560	0.24113457338213
561	0.230444497545475
562	0.222424844574682
563	0.214660914986648
564	0.205002117054234
565	0.195892495566763
566	0.189407182892525
567	0.182657762462323
568	0.174072164300177
569	0.167997685912995
570	0.162074126243507
571	0.155676849487924
572	0.149765866378244
573	0.142601419474384
574	0.138497268790428
575	0.130511153312456
576	0.126147087059139
577	0.121581795848897
578	0.118437655896939
579	0.112648246198735
580	0.107408012945472
581	0.103542816897866
582	0.0985960367067859
583	0.0945547688218698
584	0.0916537756928636
585	0.0879646514825668
586	0.0844767522291952
587	0.0807121686600514
588	0.0766625164019301
589	0.074222663799211
590	0.070223317780321
591	0.0675025886752271
592	0.0648112048763515
593	0.0627151115750464
594	0.0597344669005907
595	0.0569802003026759
596	0.055860886479779
597	0.0535132619823174
598	0.0511237156188296
599	0.04828141310226
600	0.0462775479062124
601	0.0433975157102193
602	0.0424584659112346
603	0.0402491835716591
604	0.0383878527201003
605	0.036681632772838
606	0.0351850221557062
607	0.0336255287395353
608	0.0313910932803441
609	0.0307329199837343
610	0.0293411140316678
611	0.0279157705867804
612	0.0262263193859285
613	0.0251153899362368
614	0.0233169418837171
615	0.02266296077371
616	0.0214933407115818
617	0.0205794440322128
618	0.0201560331853491
619	0.0189235303241818
620	0.0181815132955198
621	0.0163117980707557
622	0.0159135403435078
623	0.0158758106640843
624	0.0143708156737473
625	0.0135198017934174
626	0.0135407627264305
627	0.0130335081475147
628	0.0123334129848788
629	0.0115536662767933
630	0.0112602132146106
631	0.0106020399180008
632	0.00940726673625696
633	0.00985583070273624
634	0.00913896679368992
635	0.00854367629611929
636	0.00792742486553562
637	0.0077974670808547
638	0.00710994847802665
639	0.00710994847802665
640	0.00677876573642046
641	0.00651465798045603
642	0.00635954707615945
643	0.00581875500442276
644	0.00571814252596011
645	0.00520250357383908
646	0.00502643173652946
647	0.00471620992793631
648	0.00444790998536927
649	0.00435568188011185
650	0.00394484759305606
651	0.00394903977965867
652	0.00365139453087336
653	0.00351305237298723
654	0.00323636805721496
655	0.00310221808593144
656	0.00294291499503226
657	0.00286745563618528
658	0.00276265097112003
659	0.00281714939695396
660	0.00253208070797647
661	0.00253627289457908
662	0.00249435102855298
663	0.00219251359316506
664	0.00212963079412591
665	0.00206255580848415
666	0.00195355895681629
667	0.00186552303816147
668	0.00181102461232754
669	0.00181521679893015
670	0.00156368560277355
671	0.00161399184200487
672	0.0015008028037344
673	0.00141276688507959
674	0.00138342157886132
675	0.00136665283245088
676	0.00145468875110569
677	0.00129538566020651
678	0.00111092944969166
679	0.00114027475590994
680	3.89873354042735E-4
681	3.26990555003584E-4
682	3.35374928208805E-4
683	3.10221808593144E-4
684	2.85068688977484E-4
685	2.55723382759213E-4
686	2.05417143527893E-4
687	1.92840583720063E-4
688	2.09609330130503E-4
689	2.47339009553993E-4
690	1.97032770322673E-4
691	2.01224956925283E-4
692	1.25765598078302E-4
693	1.46726531091352E-4
694	9.64202918600313E-5
695	1.17381224873082E-4
696	1.00612478462641E-4
697	7.96515454495911E-5
698	8.80359186548112E-5
699	8.38437320522011E-5
700	9.22281052574213E-5
