Wavelength (nm)	211 CuC (SE204)
300.00	0.051739
301.00	0.050756
302.00	0.050470
303.00	0.050241
304.00	0.050324
305.00	0.050946
306.00	0.050293
307.00	0.050765
308.00	0.051018
309.00	0.051780
310.00	0.052314
311.00	0.052800
312.00	0.053144
313.00	0.054062
314.00	0.055244
315.00	0.056159
316.00	0.056797
317.00	0.057816
318.00	0.059176
319.00	0.060024
320.00	0.060880
321.00	0.061877
322.00	0.062825
323.00	0.063738
324.00	0.064694
325.00	0.065298
326.00	0.065761
327.00	0.066289
328.00	0.066499
329.00	0.067141
330.00	0.066849
331.00	0.066759
332.00	0.066335
333.00	0.066172
334.00	0.066097
335.00	0.065931
336.00	0.065581
337.00	0.065475
338.00	0.065418
339.00	0.065202
340.00	0.065103
341.00	0.064912
342.00	0.064724
343.00	0.064543
344.00	0.064457
345.00	0.064579
346.00	0.065087
347.00	0.065534
348.00	0.066214
349.00	0.067415
350.00	0.068471
351.00	0.070265
352.00	0.071597
353.00	0.073784
354.00	0.076368
355.00	0.079293
356.00	0.083072
357.00	0.087343
358.00	0.091969
359.00	0.097102
360.00	0.10305
361.00	0.10955
362.00	0.11718
363.00	0.12515
364.00	0.13379
365.00	0.14344
366.00	0.15345
367.00	0.16391
368.00	0.17462
369.00	0.18523
370.00	0.19635
371.00	0.20813
372.00	0.22009
373.00	0.23197
374.00	0.24427
375.00	0.25601
376.00	0.26766
377.00	0.28075
378.00	0.29583
379.00	0.31237
380.00	0.33023
381.00	0.35136
382.00	0.37664
383.00	0.40439
384.00	0.43428
385.00	0.46768
386.00	0.50510
387.00	0.54606
388.00	0.58830
389.00	0.62972
390.00	0.67267
391.00	0.72001
392.00	0.77821
393.00	0.84116
394.00	0.90748
395.00	0.96092
396.00	0.99675
397.00	1.00000
398.00	0.96750
399.00	0.90347
400.00	0.81208
401.00	0.70800
402.00	0.60443
403.00	0.50686
404.00	0.41680
405.00	0.33932
406.00	0.27853
407.00	0.22694
408.00	0.18287
409.00	0.14903
410.00	0.12404
411.00	0.10386
412.00	0.088006
413.00	0.076362
414.00	0.067496
415.00	0.060222
416.00	0.054036
417.00	0.049315
418.00	0.045241
419.00	0.041860
420.00	0.038581
421.00	0.035978
422.00	0.033361
423.00	0.031371
424.00	0.029566
425.00	0.028056
426.00	0.026703
427.00	0.025077
428.00	0.023733
429.00	0.022883
430.00	0.021775
431.00	0.020797
432.00	0.019865
433.00	0.019345
434.00	0.018061
435.00	0.017911
436.00	0.017194
437.00	0.016536
438.00	0.015764
439.00	0.015495
440.00	0.015136
441.00	0.014528
442.00	0.014268
443.00	0.014135
444.00	0.013647
445.00	0.013608
446.00	0.013612
447.00	0.013411
448.00	0.013097
449.00	0.013135
450.00	0.013125
451.00	0.013271
452.00	0.013342
453.00	0.013163
454.00	0.013497
455.00	0.013416
456.00	0.013589
457.00	0.013434
458.00	0.013396
459.00	0.013733
460.00	0.014021
461.00	0.014038
462.00	0.014014
463.00	0.013812
464.00	0.013783
465.00	0.013758
466.00	0.013615
467.00	0.014172
468.00	0.013874
469.00	0.014175
470.00	0.014271
471.00	0.014484
472.00	0.015092
473.00	0.015483
474.00	0.015841
475.00	0.016470
476.00	0.016953
477.00	0.018361
478.00	0.019200
479.00	0.020147
480.00	0.020826
481.00	0.022077
482.00	0.023242
483.00	0.024523
484.00	0.026075
485.00	0.027373
486.00	0.028017
487.00	0.029212
488.00	0.030471
489.00	0.031171
490.00	0.030898
491.00	0.031139
492.00	0.031489
493.00	0.030900
494.00	0.030290
495.00	0.029563
496.00	0.028115
497.00	0.027412
498.00	0.026958
499.00	0.025768
500.00	0.024441
501.00	0.023077
502.00	0.021862
503.00	0.021474
504.00	0.020845
505.00	0.020113
506.00	0.019568
507.00	0.018891
508.00	0.018597
509.00	0.018175
510.00	0.017901
511.00	0.017459
512.00	0.017219
513.00	0.017268
514.00	0.017222
515.00	0.016647
516.00	0.016227
517.00	0.016394
518.00	0.016341
519.00	0.015839
520.00	0.015831
521.00	0.015615
522.00	0.015567
523.00	0.015643
524.00	0.015405
525.00	0.015256
526.00	0.015016
527.00	0.014574
528.00	0.014250
529.00	0.014320
530.00	0.014618
531.00	0.014077
532.00	0.013860
533.00	0.014325
534.00	0.014162
535.00	0.014538
536.00	0.014627
537.00	0.014924
538.00	0.015284
539.00	0.016197
540.00	0.017455
541.00	0.018547
542.00	0.019713
543.00	0.021551
544.00	0.023718
545.00	0.025607
546.00	0.027516
547.00	0.029954
548.00	0.032032
549.00	0.033671
550.00	0.035574
551.00	0.036955
552.00	0.038435
553.00	0.039684
554.00	0.040453
555.00	0.041153
556.00	0.041592
557.00	0.041492
558.00	0.041507
559.00	0.041464
560.00	0.041517
561.00	0.040818
562.00	0.040509
563.00	0.040125
564.00	0.040016
565.00	0.040008
566.00	0.039824
567.00	0.040179
568.00	0.040332
569.00	0.040978
570.00	0.041304
571.00	0.041693
572.00	0.041886
573.00	0.042374
574.00	0.042164
575.00	0.042420
576.00	0.042416
577.00	0.042710
578.00	0.043040
579.00	0.044379
580.00	0.045802
581.00	0.048326
582.00	0.050049
583.00	0.053921
584.00	0.059233
585.00	0.064488
586.00	0.071335
587.00	0.081148
588.00	0.092454
589.00	0.10617
590.00	0.12377
591.00	0.14414
592.00	0.16835
593.00	0.19017
594.00	0.21089
595.00	0.23128
596.00	0.24486
597.00	0.25424
598.00	0.25625
599.00	0.25195
600.00	0.24137
601.00	0.22603
602.00	0.20766
603.00	0.18707
604.00	0.16823
605.00	0.14778
606.00	0.12934
607.00	0.11307
608.00	0.098921
609.00	0.085915
610.00	0.075300
611.00	0.066417
612.00	0.059105
613.00	0.052315
614.00	0.046770
615.00	0.042271
616.00	0.038357
617.00	0.034812
618.00	0.031760
619.00	0.029193
620.00	0.026623
621.00	0.024756
622.00	0.022474
623.00	0.021081
624.00	0.019643
625.00	0.018526
626.00	0.017582
627.00	0.015951
628.00	0.014694
629.00	0.013699
630.00	0.012729
631.00	0.012108
632.00	0.011075
633.00	0.010318
634.00	0.0096800
635.00	0.0089298
636.00	0.0084345
637.00	0.0079256
638.00	0.0073082
639.00	0.0068057
640.00	0.0066280
641.00	0.0064010
642.00	0.0062484
643.00	0.0056750
644.00	0.0048996
645.00	0.0045837
646.00	0.0047767
647.00	0.0045353
648.00	0.0043226
649.00	0.0034907
650.00	0.0035544
651.00	0.0042652
652.00	0.0032179
653.00	0.0030277
654.00	0.0028464
655.00	0.0030689
656.00	0.0016977
657.00	0.0030725
658.00	0.0026696
659.00	0.0024273
660.00	0.0020935
661.00	0.0024282
662.00	0.0025861
663.00	0.0011548
664.00	0.0017390
665.00	0.0019598
666.00	0.0025350
667.00	0.0015452
668.00	0.00099775
669.00	0.0011072
670.00	0.0014554
671.00	0.0016618
672.00	0.0014052
673.00	0.0011036
674.00	0.0011530
675.00	0.0011288
676.00	0.0010184
677.00	0.0011790
678.00	0.00081109
679.00	0.00090621
680.00	0.00083263
681.00	0.0011449
682.00	0.00090083
683.00	0.00060379
684.00	0.00061276
685.00	0.00073391
686.00	0.00080301
687.00	0.00082006
688.00	0.00059482
689.00	0.00052841
690.00	0.00086044
691.00	0.00068276
692.00	0.00045392
693.00	0.00047995
694.00	0.00050687
695.00	0.00068994
696.00	0.00060110
697.00	0.00037765
698.00	0.00037226
699.00	0.00034629
700.00	0.00031875
