Wavelength (nm)	229 ZnC-Pn10
300.00	0.060657
301.00	0.060380
302.00	0.059495
303.00	0.059146
304.00	0.058949
305.00	0.058005
306.00	0.057819
307.00	0.056920
308.00	0.055984
309.00	0.055804
310.00	0.054982
311.00	0.054475
312.00	0.053906
313.00	0.053815
314.00	0.053766
315.00	0.054028
316.00	0.053907
317.00	0.054073
318.00	0.054173
319.00	0.054123
320.00	0.054391
321.00	0.054531
322.00	0.054446
323.00	0.054529
324.00	0.054688
325.00	0.054782
326.00	0.054673
327.00	0.054548
328.00	0.054459
329.00	0.054324
330.00	0.054191
331.00	0.054013
332.00	0.053837
333.00	0.053683
334.00	0.053504
335.00	0.053436
336.00	0.053344
337.00	0.053446
338.00	0.053533
339.00	0.053674
340.00	0.053892
341.00	0.054195
342.00	0.054552
343.00	0.054990
344.00	0.055345
345.00	0.055820
346.00	0.056258
347.00	0.056507
348.00	0.056823
349.00	0.056786
350.00	0.056864
351.00	0.056836
352.00	0.056545
353.00	0.056536
354.00	0.056366
355.00	0.056447
356.00	0.056491
357.00	0.056860
358.00	0.057354
359.00	0.057625
360.00	0.058230
361.00	0.058851
362.00	0.059482
363.00	0.060465
364.00	0.061463
365.00	0.062565
366.00	0.063879
367.00	0.065312
368.00	0.067067
369.00	0.069167
370.00	0.071723
371.00	0.075074
372.00	0.079598
373.00	0.084944
374.00	0.092168
375.00	0.10081
376.00	0.11105
377.00	0.12323
378.00	0.13674
379.00	0.15100
380.00	0.16508
381.00	0.17899
382.00	0.19257
383.00	0.20392
384.00	0.21270
385.00	0.21916
386.00	0.22259
387.00	0.22406
388.00	0.22419
389.00	0.22385
390.00	0.22560
391.00	0.23091
392.00	0.24182
393.00	0.25862
394.00	0.28366
395.00	0.31835
396.00	0.36407
397.00	0.42237
398.00	0.49224
399.00	0.56809
400.00	0.65482
401.00	0.74880
402.00	0.84041
403.00	0.91908
404.00	0.97669
405.00	1.0000
406.00	0.98196
407.00	0.92184
408.00	0.83012
409.00	0.71864
410.00	0.60372
411.00	0.48939
412.00	0.38699
413.00	0.30180
414.00	0.23458
415.00	0.18359
416.00	0.14477
417.00	0.11805
418.00	0.098876
419.00	0.086082
420.00	0.077526
421.00	0.071940
422.00	0.067505
423.00	0.063588
424.00	0.059892
425.00	0.056390
426.00	0.052433
427.00	0.048624
428.00	0.045125
429.00	0.041886
430.00	0.038997
431.00	0.036049
432.00	0.033624
433.00	0.031759
434.00	0.030153
435.00	0.028339
436.00	0.027326
437.00	0.026350
438.00	0.025521
439.00	0.024676
440.00	0.024043
441.00	0.023482
442.00	0.022865
443.00	0.022424
444.00	0.021923
445.00	0.021364
446.00	0.020912
447.00	0.020386
448.00	0.019787
449.00	0.019548
450.00	0.018972
451.00	0.018631
452.00	0.018193
453.00	0.017804
454.00	0.017466
455.00	0.017179
456.00	0.016989
457.00	0.016681
458.00	0.016368
459.00	0.016155
460.00	0.015990
461.00	0.015811
462.00	0.015553
463.00	0.015384
464.00	0.015531
465.00	0.015632
466.00	0.015374
467.00	0.015234
468.00	0.015004
469.00	0.014749
470.00	0.014616
471.00	0.014350
472.00	0.014162
473.00	0.013998
474.00	0.013647
475.00	0.013507
476.00	0.013082
477.00	0.012906
478.00	0.012518
479.00	0.012569
480.00	0.012442
481.00	0.012245
482.00	0.012244
483.00	0.012416
484.00	0.012708
485.00	0.013360
486.00	0.013157
487.00	0.012672
488.00	0.013036
489.00	0.013822
490.00	0.014449
491.00	0.015178
492.00	0.015810
493.00	0.016629
494.00	0.017872
495.00	0.018781
496.00	0.020453
497.00	0.021663
498.00	0.022990
499.00	0.023997
500.00	0.024750
501.00	0.025361
502.00	0.025500
503.00	0.025357
504.00	0.024900
505.00	0.024642
506.00	0.024173
507.00	0.023833
508.00	0.023377
509.00	0.023035
510.00	0.022585
511.00	0.021908
512.00	0.021578
513.00	0.021074
514.00	0.020484
515.00	0.020086
516.00	0.019681
517.00	0.019294
518.00	0.018915
519.00	0.018859
520.00	0.018479
521.00	0.018107
522.00	0.017959
523.00	0.017637
524.00	0.017413
525.00	0.017247
526.00	0.016994
527.00	0.016650
528.00	0.016434
529.00	0.016228
530.00	0.015832
531.00	0.015669
532.00	0.015420
533.00	0.015186
534.00	0.014806
535.00	0.014380
536.00	0.014039
537.00	0.013646
538.00	0.013367
539.00	0.013056
540.00	0.012790
541.00	0.012560
542.00	0.012572
543.00	0.012568
544.00	0.012703
545.00	0.013033
546.00	0.013457
547.00	0.014292
548.00	0.015207
549.00	0.016234
550.00	0.017707
551.00	0.019248
552.00	0.020956
553.00	0.022798
554.00	0.024586
555.00	0.026255
556.00	0.027795
557.00	0.028900
558.00	0.029773
559.00	0.030158
560.00	0.030372
561.00	0.030255
562.00	0.029970
563.00	0.029619
564.00	0.029397
565.00	0.029235
566.00	0.029215
567.00	0.029180
568.00	0.029004
569.00	0.028708
570.00	0.028164
571.00	0.027584
572.00	0.026920
573.00	0.026167
574.00	0.025780
575.00	0.025351
576.00	0.024710
577.00	0.024470
578.00	0.024128
579.00	0.023514
580.00	0.022788
581.00	0.023128
582.00	0.022259
583.00	0.021846
584.00	0.022644
585.00	0.023661
586.00	0.024510
587.00	0.026232
588.00	0.028161
589.00	0.030275
590.00	0.032779
591.00	0.035835
592.00	0.040162
593.00	0.045040
594.00	0.051825
595.00	0.061628
596.00	0.074708
597.00	0.091420
598.00	0.11207
599.00	0.13392
600.00	0.15610
601.00	0.17692
602.00	0.19395
603.00	0.20514
604.00	0.20854
605.00	0.20418
606.00	0.19279
607.00	0.17590
608.00	0.15531
609.00	0.13251
610.00	0.11079
611.00	0.090756
612.00	0.073518
613.00	0.059195
614.00	0.048227
615.00	0.040234
616.00	0.034609
617.00	0.031039
618.00	0.028831
619.00	0.027669
620.00	0.027097
621.00	0.026651
622.00	0.026142
623.00	0.025096
624.00	0.023828
625.00	0.022166
626.00	0.020615
627.00	0.018836
628.00	0.017002
629.00	0.015030
630.00	0.013183
631.00	0.011494
632.00	0.0098911
633.00	0.0085603
634.00	0.0075262
635.00	0.0066373
636.00	0.0059438
637.00	0.0053607
638.00	0.0047756
639.00	0.0041967
640.00	0.0036075
641.00	0.0032863
642.00	0.0030418
643.00	0.0028393
644.00	0.0026684
645.00	0.0025682
646.00	0.0022327
647.00	0.0021304
648.00	0.0021795
649.00	0.0021580
650.00	0.0021478
651.00	0.0019964
652.00	0.0019647
653.00	0.0018583
654.00	0.0016681
655.00	0.0018235
656.00	0.0019220
657.00	0.0019214
658.00	0.0019135
659.00	0.0017161
660.00	0.0016558
661.00	0.0018194
662.00	0.0017202
663.00	0.0018563
664.00	0.0019371
665.00	0.0018379
666.00	0.0019575
667.00	0.0019821
668.00	0.0018880
669.00	0.0019759
670.00	0.0020557
671.00	0.0019780
672.00	0.0020956
673.00	0.0020670
674.00	0.0021110
675.00	0.0021140
676.00	0.0021683
677.00	0.0021079
678.00	0.0023053
679.00	0.0022910
680.00	0.0023074
681.00	0.0023912
682.00	0.0023565
683.00	0.0025314
684.00	0.0025007
685.00	0.0026736
686.00	0.0027022
687.00	0.0027227
688.00	0.0025293
689.00	0.0026541
690.00	0.0027063
691.00	0.0028495
692.00	0.0029262
693.00	0.0030807
694.00	0.0030776
695.00	0.0030878
696.00	0.0030909
697.00	0.0031144
698.00	0.0029559
699.00	0.0029027
700.00	0.0029743
