Wavelength (nm)	"217, J354, 12-T"
200.00	
201.00	
202.00	
203.00	
204.00	
205.00	
206.00	
207.00	
208.00	
209.00	
210.00	
211.00	
212.00	
213.00	
214.00	
215.00	
216.00	
217.00	
218.00	
219.00	
220.00	
221.00	
222.00	
223.00	
224.00	
225.00	
226.00	
227.00	
228.00	
229.00	
230.00	
231.00	
232.00	
233.00	
234.00	
235.00	
236.00	
237.00	
238.00	
239.00	
240.00	
241.00	
242.00	
243.00	
244.00	
245.00	
246.00	
247.00	
248.00	
249.00	
250.00	
251.00	
252.00	
253.00	
254.00	
255.00	
256.00	
257.00	
258.00	
259.00	
260.00	
261.00	
262.00	
263.00	
264.00	
265.00	
266.00	
267.00	
268.00	
269.00	
270.00	
271.00	
272.00	
273.00	
274.00	
275.00	
276.00	
277.00	
278.00	
279.00	
280.00	
281.00	
282.00	
283.00	
284.00	
285.00	
286.00	
287.00	
288.00	
289.00	
290.00	
291.00	
292.00	
293.00	
294.00	
295.00	
296.00	
297.00	
298.00	
299.00	
300.00	0.91429
301.00	0.92145
302.00	0.92861
303.00	0.93576
304.00	0.94292
305.00	0.94962
306.00	0.95586
307.00	0.96211
308.00	0.96821
309.00	0.97258
310.00	0.97696
311.00	0.98133
312.00	0.98571
313.00	0.98879
314.00	0.99098
315.00	0.99316
316.00	0.99535
317.00	0.99745
318.00	0.99872
319.00	1.0000
320.00	0.99811
321.00	0.99621
322.00	0.99393
323.00	0.98976
324.00	0.98559
325.00	0.98142
326.00	0.97555
327.00	0.96961
328.00	0.96367
329.00	0.95773
330.00	0.94865
331.00	0.93922
332.00	0.92979
333.00	0.92035
334.00	0.90911
335.00	0.89750
336.00	0.88588
337.00	0.87427
338.00	0.86266
339.00	0.84779
340.00	0.83260
341.00	0.81742
342.00	0.80223
343.00	0.78704
344.00	0.77011
345.00	0.75180
346.00	0.73349
347.00	0.71519
348.00	0.69688
349.00	0.67857
350.00	0.66030
351.00	0.64202
352.00	0.62375
353.00	0.60548
354.00	0.58720
355.00	0.56893
356.00	0.55066
357.00	0.53282
358.00	0.51516
359.00	0.49749
360.00	0.47982
361.00	0.46216
362.00	0.44428
363.00	0.42525
364.00	0.40623
365.00	0.38720
366.00	0.36818
367.00	0.34915
368.00	0.33259
369.00	0.31661
370.00	0.30063
371.00	0.28465
372.00	0.26866
373.00	0.25686
374.00	0.24711
375.00	0.23737
376.00	0.22762
377.00	0.21787
378.00	0.20960
379.00	0.20259
380.00	0.19558
381.00	0.18857
382.00	0.18155
383.00	0.17738
384.00	0.17380
385.00	0.17021
386.00	0.16754
387.00	0.16504
388.00	0.16253
389.00	0.16003
390.00	0.15846
391.00	0.15763
392.00	0.15679
393.00	0.15657
394.00	0.15750
395.00	0.15843
396.00	0.15936
397.00	0.16028
398.00	0.16121
399.00	0.16280
400.00	0.16488
401.00	0.16697
402.00	0.16905
403.00	0.17114
404.00	0.17322
405.00	0.17531
406.00	0.17832
407.00	0.18170
408.00	0.18508
409.00	0.18845
410.00	0.19183
411.00	0.19521
412.00	0.19858
413.00	0.20196
414.00	0.20534
415.00	0.20944
416.00	0.21381
417.00	0.21817
418.00	0.22254
419.00	0.22691
420.00	0.23128
421.00	0.23564
422.00	0.24001
423.00	0.24438
424.00	0.24916
425.00	0.25432
426.00	0.25948
427.00	0.26464
428.00	0.26980
429.00	0.27495
430.00	0.28011
431.00	0.28527
432.00	0.29043
433.00	0.29559
434.00	0.30074
435.00	0.30590
436.00	0.31180
437.00	0.31792
438.00	0.32405
439.00	0.33018
440.00	0.33631
441.00	0.34243
442.00	0.34856
443.00	0.35469
444.00	0.36082
445.00	0.36694
446.00	0.37307
447.00	0.37920
448.00	0.38533
449.00	0.39132
450.00	0.39717
451.00	0.40302
452.00	0.40887
453.00	0.41473
454.00	0.42058
455.00	0.42643
456.00	0.43229
457.00	0.43814
458.00	0.44399
459.00	0.44984
460.00	0.45570
461.00	0.46155
462.00	0.46740
463.00	0.47314
464.00	0.47830
465.00	0.48346
466.00	0.48861
467.00	0.49377
468.00	0.49892
469.00	0.50408
470.00	0.50924
471.00	0.51439
472.00	0.51955
473.00	0.52470
474.00	0.52975
475.00	0.53449
476.00	0.53922
477.00	0.54396
478.00	0.54869
479.00	0.55343
480.00	0.55816
481.00	0.56290
482.00	0.56710
483.00	0.57023
484.00	0.57336
485.00	0.57649
486.00	0.57962
487.00	0.58275
488.00	0.58563
489.00	0.58802
490.00	0.59040
491.00	0.59279
492.00	0.59517
493.00	0.59756
494.00	0.59947
495.00	0.60052
496.00	0.60156
497.00	0.60260
498.00	0.60364
499.00	0.60469
500.00	0.60573
501.00	0.60635
502.00	0.60655
503.00	0.60674
504.00	0.60694
505.00	0.60714
506.00	0.60676
507.00	0.60638
508.00	0.60600
509.00	0.60563
510.00	0.60511
511.00	0.60427
512.00	0.60344
513.00	0.60260
514.00	0.60177
515.00	0.60093
516.00	0.59917
517.00	0.59735
518.00	0.59554
519.00	0.59373
520.00	0.59186
521.00	0.58833
522.00	0.58480
523.00	0.58126
524.00	0.57773
525.00	0.57419
526.00	0.56984
527.00	0.56455
528.00	0.55927
529.00	0.55398
530.00	0.54870
531.00	0.54341
532.00	0.53804
533.00	0.53097
534.00	0.52391
535.00	0.51685
536.00	0.50978
537.00	0.50272
538.00	0.49566
539.00	0.48859
540.00	0.48103
541.00	0.47249
542.00	0.46395
543.00	0.45541
544.00	0.44687
545.00	0.43833
546.00	0.42979
547.00	0.42125
548.00	0.41271
549.00	0.40417
550.00	0.39513
551.00	0.38605
552.00	0.37698
553.00	0.36790
554.00	0.35883
555.00	0.34975
556.00	0.34068
557.00	0.33131
558.00	0.32180
559.00	0.31228
560.00	0.30277
561.00	0.29325
562.00	0.28374
563.00	0.27422
564.00	0.26590
565.00	0.25787
566.00	0.24984
567.00	0.24181
568.00	0.23378
569.00	0.22575
570.00	0.21772
571.00	0.20970
572.00	0.20224
573.00	0.19546
574.00	0.18868
575.00	0.18189
576.00	0.17511
577.00	0.16833
578.00	0.16155
579.00	0.15477
580.00	0.14799
581.00	0.14120
582.00	0.13469
583.00	0.12933
584.00	0.12397
585.00	0.11860
586.00	0.11324
587.00	0.10788
588.00	0.10252
589.00	0.097153
590.00	0.091790
591.00	0.086733
592.00	0.082900
593.00	0.079067
594.00	0.075234
595.00	0.071402
596.00	0.067569
597.00	0.063736
598.00	0.059903
599.00	0.056436
600.00	0.053910
601.00	0.051384
602.00	0.048858
603.00	0.046332
604.00	0.043806
605.00	0.041280
606.00	0.038754
607.00	0.036336
608.00	0.034530
609.00	0.032724
610.00	0.030918
611.00	0.029112
612.00	0.027306
613.00	0.025500
614.00	0.023694
615.00	0.022006
616.00	0.020695
617.00	0.019384
618.00	0.018073
619.00	0.016761
620.00	0.015450
621.00	0.014139
622.00	0.012828
623.00	0.012109
624.00	0.011588
625.00	0.011066
626.00	0.010545
627.00	0.010023
628.00	0.0095021
629.00	0.0089807
630.00	0.0084655
631.00	0.0079509
632.00	0.0074363
633.00	0.0069217
634.00	0.0064072
635.00	0.0058926
636.00	0.0055700
637.00	0.0054556
638.00	0.0053411
639.00	0.0052266
640.00	0.0051121
641.00	0.0049976
642.00	0.0048868
643.00	0.0048340
644.00	0.0047812
645.00	0.0047284
646.00	0.0046756
647.00	0.0046227
648.00	0.0045699
649.00	0.0045171
650.00	0.0044643
651.00	
652.00	
653.00	
654.00	
655.00	
656.00	
657.00	
658.00	
659.00	
660.00	
661.00	
662.00	
663.00	
664.00	
665.00	
666.00	
667.00	
668.00	
669.00	
670.00	
671.00	
672.00	
673.00	
674.00	
675.00	
676.00	
677.00	
678.00	
679.00	
680.00	
681.00	
682.00	
683.00	
684.00	
685.00	
686.00	
687.00	
688.00	
689.00	
690.00	
691.00	
692.00	
693.00	
694.00	
695.00	
696.00	
697.00	
698.00	
699.00	
700.00	
701.00	
702.00	
703.00	
704.00	
705.00	
706.00	
707.00	
708.00	
709.00	
710.00	
711.00	
712.00	
713.00	
714.00	
715.00	
716.00	
717.00	
718.00	
719.00	
720.00	
721.00	
722.00	
723.00	
724.00	
725.00	
726.00	
727.00	
728.00	
729.00	
730.00	
731.00	
732.00	
733.00	
734.00	
735.00	
736.00	
737.00	
738.00	
739.00	
740.00	
741.00	
742.00	
743.00	
744.00	
745.00	
746.00	
747.00	
748.00	
749.00	
750.00	
751.00	
752.00	
753.00	
754.00	
755.00	
756.00	
757.00	
758.00	
759.00	
760.00	
761.00	
762.00	
763.00	
764.00	
765.00	
766.00	
767.00	
768.00	
769.00	
770.00	
771.00	
772.00	
773.00	
774.00	
775.00	
776.00	
777.00	
778.00	
779.00	
780.00	
781.00	
782.00	
783.00	
784.00	
785.00	
786.00	
787.00	
788.00	
789.00	
790.00	
791.00	
792.00	
793.00	
794.00	
795.00	
796.00	
797.00	
798.00	
799.00	
800.00	
801.00	
802.00	
803.00	
804.00	
805.00	
806.00	
807.00	
808.00	
809.00	
810.00	
811.00	
812.00	
813.00	
814.00	
815.00	
816.00	
817.00	
818.00	
819.00	
820.00	
821.00	
822.00	
823.00	
824.00	
825.00	
826.00	
827.00	
828.00	
829.00	
830.00	
831.00	
832.00	
833.00	
834.00	
835.00	
836.00	
837.00	
838.00	
839.00	
840.00	
841.00	
842.00	
843.00	
844.00	
845.00	
846.00	
847.00	
848.00	
849.00	
850.00	
851.00	
852.00	
853.00	
854.00	
855.00	
856.00	
857.00	
858.00	
859.00	
860.00	
861.00	
862.00	
863.00	
864.00	
865.00	
866.00	
867.00	
868.00	
869.00	
870.00	
871.00	
872.00	
873.00	
874.00	
875.00	
876.00	
877.00	
878.00	
879.00	
880.00	
881.00	
882.00	
883.00	
884.00	
885.00	
886.00	
887.00	
888.00	
889.00	
890.00	
891.00	
892.00	
893.00	
894.00	
895.00	
896.00	
897.00	
898.00	
899.00	
900.00	
901.00	
902.00	
903.00	
904.00	
905.00	
906.00	
907.00	
908.00	
909.00	
910.00	
911.00	
912.00	
913.00	
914.00	
915.00	
916.00	
917.00	
918.00	
919.00	
920.00	
921.00	
922.00	
923.00	
924.00	
925.00	
926.00	
927.00	
928.00	
929.00	
930.00	
931.00	
932.00	
933.00	
934.00	
935.00	
936.00	
937.00	
938.00	
939.00	
940.00	
941.00	
942.00	
943.00	
944.00	
945.00	
946.00	
947.00	
948.00	
949.00	
950.00	
951.00	
952.00	
953.00	
954.00	
955.00	
956.00	
957.00	
958.00	
959.00	
960.00	
961.00	
962.00	
963.00	
964.00	
965.00	
966.00	
967.00	
968.00	
969.00	
970.00	
971.00	
972.00	
973.00	
974.00	
975.00	
976.00	
977.00	
978.00	
979.00	
980.00	
981.00	
982.00	
983.00	
984.00	
985.00	
986.00	
987.00	
988.00	
989.00	
990.00	
991.00	
992.00	
993.00	
994.00	
995.00	
996.00	
997.00	
998.00	
999.00	
1000.0	
1001.0	
1002.0	
1003.0	
1004.0	
1005.0	
1006.0	
1007.0	
1008.0	
1009.0	
1010.0	
1011.0	
1012.0	
1013.0	
1014.0	
1015.0	
1016.0	
1017.0	
1018.0	
1019.0	
1020.0	
1021.0	
1022.0	
1023.0	
1024.0	
1025.0	
1026.0	
1027.0	
1028.0	
1029.0	
1030.0	
1031.0	
1032.0	
1033.0	
1034.0	
1035.0	
1036.0	
1037.0	
1038.0	
1039.0	
1040.0	
1041.0	
1042.0	
1043.0	
1044.0	
1045.0	
1046.0	
1047.0	
1048.0	
1049.0	
1050.0	
1051.0	
1052.0	
1053.0	
1054.0	
1055.0	
1056.0	
1057.0	
1058.0	
1059.0	
1060.0	
1061.0	
1062.0	
1063.0	
1064.0	
1065.0	
1066.0	
1067.0	
1068.0	
1069.0	
1070.0	
1071.0	
1072.0	
1073.0	
1074.0	
1075.0	
1076.0	
1077.0	
1078.0	
1079.0	
1080.0	
1081.0	
1082.0	
1083.0	
1084.0	
1085.0	
1086.0	
1087.0	
1088.0	
1089.0	
1090.0	
1091.0	
1092.0	
1093.0	
1094.0	
1095.0	
1096.0	
1097.0	
1098.0	
1099.0	
1100.0	
1101.0	
1102.0	
1103.0	
1104.0	
1105.0	
1106.0	
1107.0	
1108.0	
1109.0	
1110.0	
1111.0	
1112.0	
1113.0	
1114.0	
1115.0	
1116.0	
1117.0	
1118.0	
1119.0	
1120.0	
1121.0	
1122.0	
1123.0	
1124.0	
1125.0	
1126.0	
1127.0	
1128.0	
1129.0	
1130.0	
1131.0	
1132.0	
1133.0	
1134.0	
1135.0	
1136.0	
1137.0	
1138.0	
1139.0	
1140.0	
1141.0	
1142.0	
1143.0	
1144.0	
1145.0	
1146.0	
1147.0	
1148.0	
1149.0	
1150.0	
1151.0	
1152.0	
1153.0	
1154.0	
1155.0	
1156.0	
1157.0	
1158.0	
1159.0	
1160.0	
1161.0	
1162.0	
1163.0	
1164.0	
1165.0	
1166.0	
1167.0	
1168.0	
1169.0	
1170.0	
1171.0	
1172.0	
1173.0	
1174.0	
1175.0	
1176.0	
1177.0	
1178.0	
1179.0	
1180.0	
1181.0	
1182.0	
1183.0	
1184.0	
1185.0	
1186.0	
1187.0	
1188.0	
1189.0	
1190.0	
1191.0	
1192.0	
1193.0	
1194.0	
1195.0	
1196.0	
1197.0	
1198.0	
1199.0	
1200.0	
