Wavelength (nm)	"129, M 1989_771, 9 H2O"
200.00	
201.00	
202.00	
203.00	
204.00	
205.00	
206.00	
207.00	
208.00	
209.00	
210.00	
211.00	
212.00	
213.00	
214.00	
215.00	
216.00	
217.00	
218.00	
219.00	
220.00	
221.00	
222.00	
223.00	
224.00	
225.00	
226.00	
227.00	
228.00	
229.00	
230.00	
231.00	
232.00	
233.00	
234.00	
235.00	
236.00	
237.00	
238.00	
239.00	
240.00	
241.00	
242.00	
243.00	
244.00	
245.00	
246.00	
247.00	
248.00	
249.00	
250.00	
251.00	
252.00	
253.00	
254.00	
255.00	
256.00	
257.00	
258.00	
259.00	
260.00	
261.00	
262.00	
263.00	
264.00	
265.00	
266.00	
267.00	
268.00	
269.00	
270.00	
271.00	
272.00	
273.00	
274.00	
275.00	
276.00	
277.00	
278.00	
279.00	
280.00	
281.00	
282.00	
283.00	
284.00	
285.00	
286.00	
287.00	
288.00	
289.00	
290.00	
291.00	
292.00	
293.00	
294.00	
295.00	
296.00	
297.00	
298.00	
299.00	
300.00	0.53926
301.00	0.54655
302.00	0.55384
303.00	0.56114
304.00	0.56843
305.00	0.57919
306.00	0.59246
307.00	0.60573
308.00	0.61900
309.00	0.63227
310.00	0.64555
311.00	0.65909
312.00	0.67265
313.00	0.68621
314.00	0.69976
315.00	0.71474
316.00	0.73009
317.00	0.74545
318.00	0.76080
319.00	0.77825
320.00	0.79612
321.00	0.81399
322.00	0.83187
323.00	0.84974
324.00	0.86659
325.00	0.88323
326.00	0.89988
327.00	0.91652
328.00	0.93316
329.00	0.94980
330.00	0.96314
331.00	0.97408
332.00	0.98502
333.00	0.99239
334.00	0.99620
335.00	1.0000
336.00	0.99828
337.00	0.99655
338.00	0.99192
339.00	0.98388
340.00	0.97584
341.00	0.96232
342.00	0.94258
343.00	0.91352
344.00	0.86011
345.00	0.80061
346.00	0.74111
347.00	0.67148
348.00	0.60587
349.00	0.55930
350.00	0.51273
351.00	0.47742
352.00	0.45335
353.00	0.42928
354.00	0.40521
355.00	0.38970
356.00	0.37418
357.00	0.35867
358.00	0.34316
359.00	0.32825
360.00	0.31420
361.00	0.30014
362.00	0.28608
363.00	0.27202
364.00	0.25898
365.00	0.24981
366.00	0.24064
367.00	0.23146
368.00	0.22229
369.00	0.21312
370.00	0.20547
371.00	0.20033
372.00	0.19518
373.00	0.19004
374.00	0.18489
375.00	0.17974
376.00	0.17460
377.00	0.16945
378.00	0.16430
379.00	0.16084
380.00	0.15770
381.00	0.15457
382.00	0.15143
383.00	0.14829
384.00	0.14515
385.00	0.14201
386.00	0.13902
387.00	0.13695
388.00	0.13487
389.00	0.13280
390.00	0.13073
391.00	0.12866
392.00	0.12658
393.00	0.12451
394.00	0.12245
395.00	0.12163
396.00	0.12082
397.00	0.12000
398.00	0.11918
399.00	0.11836
400.00	0.11754
401.00	0.11673
402.00	0.11591
403.00	0.11516
404.00	0.11546
405.00	0.11577
406.00	0.11608
407.00	0.11638
408.00	0.11669
409.00	0.11699
410.00	0.11730
411.00	0.11761
412.00	0.11791
413.00	0.11855
414.00	0.11956
415.00	0.12056
416.00	0.12156
417.00	0.12257
418.00	0.12357
419.00	0.12458
420.00	0.12558
421.00	0.12659
422.00	0.12759
423.00	0.12859
424.00	0.12960
425.00	0.13112
426.00	0.13276
427.00	0.13440
428.00	0.13604
429.00	0.13768
430.00	0.13932
431.00	0.14096
432.00	0.14260
433.00	0.14425
434.00	0.14589
435.00	0.14753
436.00	0.14917
437.00	0.15095
438.00	0.15305
439.00	0.15515
440.00	0.15725
441.00	0.15935
442.00	0.16145
443.00	0.16355
444.00	0.16565
445.00	0.16775
446.00	0.16985
447.00	0.17195
448.00	0.17406
449.00	0.17616
450.00	0.17826
451.00	0.18057
452.00	0.18328
453.00	0.18598
454.00	0.18869
455.00	0.19139
456.00	0.19410
457.00	0.19680
458.00	0.19951
459.00	0.20221
460.00	0.20491
461.00	0.20762
462.00	0.21032
463.00	0.21303
464.00	0.21573
465.00	0.21856
466.00	0.22141
467.00	0.22426
468.00	0.22711
469.00	0.22996
470.00	0.23281
471.00	0.23566
472.00	0.23851
473.00	0.24136
474.00	0.24421
475.00	0.24706
476.00	0.24991
477.00	0.25243
478.00	0.25483
479.00	0.25723
480.00	0.25963
481.00	0.26203
482.00	0.26443
483.00	0.26683
484.00	0.26923
485.00	0.27163
486.00	0.27403
487.00	0.27644
488.00	0.27884
489.00	0.28124
490.00	0.28376
491.00	0.28635
492.00	0.28894
493.00	0.29154
494.00	0.29413
495.00	0.29672
496.00	0.29932
497.00	0.30191
498.00	0.30450
499.00	0.30710
500.00	0.30969
501.00	0.31228
502.00	0.31488
503.00	0.31793
504.00	0.32102
505.00	0.32412
506.00	0.32722
507.00	0.33031
508.00	0.33341
509.00	0.33650
510.00	0.33960
511.00	0.34270
512.00	0.34579
513.00	0.34867
514.00	0.35132
515.00	0.35398
516.00	0.35663
517.00	0.35929
518.00	0.36195
519.00	0.36460
520.00	0.36726
521.00	0.36991
522.00	0.37257
523.00	0.37526
524.00	0.37794
525.00	0.38063
526.00	0.38331
527.00	0.38600
528.00	0.38868
529.00	0.39137
530.00	0.39393
531.00	0.39604
532.00	0.39816
533.00	0.40027
534.00	0.40238
535.00	0.40449
536.00	0.40660
537.00	0.40871
538.00	0.41082
539.00	0.41293
540.00	0.41472
541.00	0.41644
542.00	0.41816
543.00	0.41988
544.00	0.42160
545.00	0.42332
546.00	0.42504
547.00	0.42676
548.00	0.42848
549.00	0.43019
550.00	0.43152
551.00	0.43285
552.00	0.43417
553.00	0.43550
554.00	0.43683
555.00	0.43816
556.00	0.43949
557.00	0.44063
558.00	0.44140
559.00	0.44217
560.00	0.44294
561.00	0.44371
562.00	0.44448
563.00	0.44525
564.00	0.44572
565.00	0.44605
566.00	0.44638
567.00	0.44671
568.00	0.44704
569.00	0.44737
570.00	0.44770
571.00	0.44736
572.00	0.44702
573.00	0.44667
574.00	0.44633
575.00	0.44599
576.00	0.44565
577.00	0.44512
578.00	0.44444
579.00	0.44376
580.00	0.44307
581.00	0.44239
582.00	0.44170
583.00	0.44102
584.00	0.44029
585.00	0.43879
586.00	0.43728
587.00	0.43577
588.00	0.43426
589.00	0.43276
590.00	0.43125
591.00	0.42974
592.00	0.42760
593.00	0.42525
594.00	0.42291
595.00	0.42056
596.00	0.41822
597.00	0.41587
598.00	0.41353
599.00	0.41058
600.00	0.40755
601.00	0.40452
602.00	0.40149
603.00	0.39846
604.00	0.39544
605.00	0.39241
606.00	0.38916
607.00	0.38556
608.00	0.38197
609.00	0.37837
610.00	0.37478
611.00	0.37118
612.00	0.36758
613.00	0.36399
614.00	0.36039
615.00	0.35678
616.00	0.35253
617.00	0.34828
618.00	0.34403
619.00	0.33978
620.00	0.33553
621.00	0.33128
622.00	0.32703
623.00	0.32278
624.00	0.31846
625.00	0.31311
626.00	0.30775
627.00	0.30240
628.00	0.29705
629.00	0.29169
630.00	0.28634
631.00	0.28099
632.00	0.27564
633.00	0.27028
634.00	0.26517
635.00	0.26030
636.00	0.25544
637.00	0.25058
638.00	0.24571
639.00	0.24085
640.00	0.23599
641.00	0.23112
642.00	0.22626
643.00	0.22140
644.00	0.21690
645.00	0.21256
646.00	0.20822
647.00	0.20388
648.00	0.19954
649.00	0.19520
650.00	0.19087
651.00	0.18653
652.00	0.18219
653.00	0.17789
654.00	0.17362
655.00	0.16934
656.00	0.16506
657.00	0.16079
658.00	0.15651
659.00	0.15223
660.00	0.14795
661.00	0.14368
662.00	0.13950
663.00	0.13591
664.00	0.13232
665.00	0.12873
666.00	0.12514
667.00	0.12155
668.00	0.11796
669.00	0.11437
670.00	0.11078
671.00	0.10719
672.00	0.10360
673.00	0.10093
674.00	0.098309
675.00	0.095687
676.00	0.093066
677.00	0.090445
678.00	0.087823
679.00	0.085202
680.00	0.082581
681.00	0.079960
682.00	0.077338
683.00	0.074981
684.00	0.073161
685.00	0.071341
686.00	0.069520
687.00	0.067700
688.00	0.065880
689.00	0.064059
690.00	0.062239
691.00	0.060419
692.00	0.058599
693.00	0.056778
694.00	0.054958
695.00	0.053438
696.00	0.052074
697.00	0.050710
698.00	0.049345
699.00	0.047981
700.00	0.046616
701.00	0.045252
702.00	0.043888
703.00	0.042523
704.00	0.041159
705.00	0.039781
706.00	0.038388
707.00	0.036994
708.00	0.035601
709.00	0.034207
710.00	0.032814
711.00	0.031421
712.00	0.030027
713.00	0.028634
714.00	0.027241
715.00	0.025847
716.00	0.024535
717.00	0.023334
718.00	0.022133
719.00	0.020932
720.00	0.019731
721.00	0.018531
722.00	0.017330
723.00	0.016129
724.00	0.014928
725.00	0.014268
726.00	0.013682
727.00	0.013096
728.00	0.012510
729.00	0.011924
730.00	0.011338
731.00	0.010752
732.00	0.010262
733.00	0.0099268
734.00	0.0095919
735.00	0.0092570
736.00	0.0089221
737.00	0.0085872
738.00	0.0082523
739.00	0.0079174
740.00	0.0075825
741.00	0.0074104
742.00	0.0073340
743.00	0.0072575
744.00	0.0071810
745.00	0.0071046
746.00	0.0070281
747.00	0.0069517
748.00	0.0068752
749.00	0.0067987
750.00	0.0067212
751.00	0.0066239
752.00	0.0065265
753.00	0.0064292
754.00	0.0063319
755.00	0.0062345
756.00	0.0061372
757.00	0.0060398
758.00	0.0059425
759.00	0.0058452
760.00	0.0057478
761.00	0.0056505
762.00	0.0055531
763.00	0.0054558
764.00	0.0053584
765.00	0.0052611
766.00	
767.00	
768.00	
769.00	
770.00	
771.00	
772.00	
773.00	
774.00	
775.00	
776.00	
777.00	
778.00	
779.00	
780.00	
781.00	
782.00	
783.00	
784.00	
785.00	
786.00	
787.00	
788.00	
789.00	
790.00	
791.00	
792.00	
793.00	
794.00	
795.00	
796.00	
797.00	
798.00	
799.00	
800.00	
801.00	
802.00	
803.00	
804.00	
805.00	
806.00	
807.00	
808.00	
809.00	
810.00	
811.00	
812.00	
813.00	
814.00	
815.00	
816.00	
817.00	
818.00	
819.00	
820.00	
821.00	
822.00	
823.00	
824.00	
825.00	
826.00	
827.00	
828.00	
829.00	
830.00	
831.00	
832.00	
833.00	
834.00	
835.00	
836.00	
837.00	
838.00	
839.00	
840.00	
841.00	
842.00	
843.00	
844.00	
845.00	
846.00	
847.00	
848.00	
849.00	
850.00	
851.00	
852.00	
853.00	
854.00	
855.00	
856.00	
857.00	
858.00	
859.00	
860.00	
861.00	
862.00	
863.00	
864.00	
865.00	
866.00	
867.00	
868.00	
869.00	
870.00	
871.00	
872.00	
873.00	
874.00	
875.00	
876.00	
877.00	
878.00	
879.00	
880.00	
881.00	
882.00	
883.00	
884.00	
885.00	
886.00	
887.00	
888.00	
889.00	
890.00	
891.00	
892.00	
893.00	
894.00	
895.00	
896.00	
897.00	
898.00	
899.00	
900.00	
901.00	
902.00	
903.00	
904.00	
905.00	
906.00	
907.00	
908.00	
909.00	
910.00	
911.00	
912.00	
913.00	
914.00	
915.00	
916.00	
917.00	
918.00	
919.00	
920.00	
921.00	
922.00	
923.00	
924.00	
925.00	
926.00	
927.00	
928.00	
929.00	
930.00	
931.00	
932.00	
933.00	
934.00	
935.00	
936.00	
937.00	
938.00	
939.00	
940.00	
941.00	
942.00	
943.00	
944.00	
945.00	
946.00	
947.00	
948.00	
949.00	
950.00	
951.00	
952.00	
953.00	
954.00	
955.00	
956.00	
957.00	
958.00	
959.00	
960.00	
961.00	
962.00	
963.00	
964.00	
965.00	
966.00	
967.00	
968.00	
969.00	
970.00	
971.00	
972.00	
973.00	
974.00	
975.00	
976.00	
977.00	
978.00	
979.00	
980.00	
981.00	
982.00	
983.00	
984.00	
985.00	
986.00	
987.00	
988.00	
989.00	
990.00	
991.00	
992.00	
993.00	
994.00	
995.00	
996.00	
997.00	
998.00	
999.00	
1000.0	
1001.0	
1002.0	
1003.0	
1004.0	
1005.0	
1006.0	
1007.0	
1008.0	
1009.0	
1010.0	
1011.0	
1012.0	
1013.0	
1014.0	
1015.0	
1016.0	
1017.0	
1018.0	
1019.0	
1020.0	
1021.0	
1022.0	
1023.0	
1024.0	
1025.0	
1026.0	
1027.0	
1028.0	
1029.0	
1030.0	
1031.0	
1032.0	
1033.0	
1034.0	
1035.0	
1036.0	
1037.0	
1038.0	
1039.0	
1040.0	
1041.0	
1042.0	
1043.0	
1044.0	
1045.0	
1046.0	
1047.0	
1048.0	
1049.0	
1050.0	
1051.0	
1052.0	
1053.0	
1054.0	
1055.0	
1056.0	
1057.0	
1058.0	
1059.0	
1060.0	
1061.0	
1062.0	
1063.0	
1064.0	
1065.0	
1066.0	
1067.0	
1068.0	
1069.0	
1070.0	
1071.0	
1072.0	
1073.0	
1074.0	
1075.0	
1076.0	
1077.0	
1078.0	
1079.0	
1080.0	
1081.0	
1082.0	
1083.0	
1084.0	
1085.0	
1086.0	
1087.0	
1088.0	
1089.0	
1090.0	
1091.0	
1092.0	
1093.0	
1094.0	
1095.0	
1096.0	
1097.0	
1098.0	
1099.0	
1100.0	
1101.0	
1102.0	
1103.0	
1104.0	
1105.0	
1106.0	
1107.0	
1108.0	
1109.0	
1110.0	
1111.0	
1112.0	
1113.0	
1114.0	
1115.0	
1116.0	
1117.0	
1118.0	
1119.0	
1120.0	
1121.0	
1122.0	
1123.0	
1124.0	
1125.0	
1126.0	
1127.0	
1128.0	
1129.0	
1130.0	
1131.0	
1132.0	
1133.0	
1134.0	
1135.0	
1136.0	
1137.0	
1138.0	
1139.0	
1140.0	
1141.0	
1142.0	
1143.0	
1144.0	
1145.0	
1146.0	
1147.0	
1148.0	
1149.0	
1150.0	
1151.0	
1152.0	
1153.0	
1154.0	
1155.0	
1156.0	
1157.0	
1158.0	
1159.0	
1160.0	
1161.0	
1162.0	
1163.0	
1164.0	
1165.0	
1166.0	
1167.0	
1168.0	
1169.0	
1170.0	
1171.0	
1172.0	
1173.0	
1174.0	
1175.0	
1176.0	
1177.0	
1178.0	
1179.0	
1180.0	
1181.0	
1182.0	
1183.0	
1184.0	
1185.0	
1186.0	
1187.0	
1188.0	
1189.0	
1190.0	
1191.0	
1192.0	
1193.0	
1194.0	
1195.0	
1196.0	
1197.0	
1198.0	
1199.0	
1200.0	
