Wavelength (nm)	K09 abs e
220.00	27210
220.25	27230
220.50	27120
220.75	27704
221.00	26856
221.25	26780
221.50	26530
221.75	25895
222.00	25811
222.25	25953
222.50	25925
222.75	25650
223.00	25089
223.25	25013
223.50	24840
223.75	23874
224.00	24207
224.25	24211
224.50	23805
224.75	23539
225.00	23089
225.25	22773
225.50	22837
225.75	22356
226.00	22144
226.25	22097
226.50	21783
226.75	21163
227.00	21240
227.25	20526
227.50	20456
227.75	19993
228.00	19891
228.25	19552
228.50	19171
228.75	18827
229.00	18777
229.25	18393
229.50	18257
229.75	17763
230.00	17666
230.25	17426
230.50	17016
230.75	16822
231.00	16558
231.25	16375
231.50	15939
231.75	16057
232.00	15546
232.25	15195
232.50	14937
232.75	14905
233.00	14605
233.25	14478
233.50	14134
233.75	13826
234.00	13705
234.25	13437
234.50	13257
234.75	13239
235.00	12953
235.25	12438
235.50	12092
235.75	12242
236.00	12105
236.25	11852
236.50	11798
236.75	11115
237.00	11127
237.25	11006
237.50	10948
237.75	11179
238.00	10653
238.25	10365
238.50	10270
238.75	10504
239.00	10215
239.25	10415
239.50	10043
239.75	9843.3
240.00	9735.6
240.25	9804.3
240.50	9761.2
240.75	9528.1
241.00	9459.4
241.25	9497.1
241.50	9316.6
241.75	9192.6
242.00	9285.6
242.25	9243.8
242.50	9130.6
242.75	9227.6
243.00	9206.1
243.25	9061.9
243.50	8897.5
243.75	8832.9
244.00	8834.2
244.25	8861.2
244.50	8828.8
244.75	8862.5
245.00	8714.3
245.25	8800.5
245.50	8796.5
245.75	8436.8
246.00	8554.0
246.25	8551.3
246.50	8603.8
246.75	8471.8
247.00	8733.2
247.25	8265.7
247.50	8360.0
247.75	8257.6
248.00	8516.3
248.25	8655.0
248.50	8465.1
248.75	8373.4
249.00	8675.2
249.25	8659.1
249.50	8373.4
249.75	8459.7
250.00	8457.0
250.25	8197.0
250.50	8288.6
250.75	8246.8
251.00	8554.0
251.25	8403.1
251.50	8284.5
251.75	8299.3
252.00	8320.9
252.25	8520.3
252.50	8319.6
252.75	8311.5
253.00	8412.5
253.25	8470.5
253.50	8478.5
253.75	8261.6
254.00	8435.4
254.25	8206.4
254.50	8178.1
254.75	8223.9
255.00	8397.7
255.25	8241.4
255.50	8256.2
255.75	8358.6
256.00	8435.4
256.25	8378.8
256.50	8417.9
256.75	8461.0
257.00	8435.4
257.25	8327.6
257.50	8304.7
257.75	8093.2
258.00	8459.7
258.25	8299.3
258.50	8528.4
258.75	8519.0
259.00	8481.2
259.25	8222.5
259.50	8087.8
259.75	8298.0
260.00	8420.6
260.25	8389.6
260.50	8481.2
260.75	8470.5
261.00	8232.0
261.25	8358.6
261.50	8333.0
261.75	8370.8
262.00	8341.1
262.25	8311.5
262.50	8249.5
262.75	8194.3
263.00	8354.6
263.25	8075.7
263.50	8330.3
263.75	8234.7
264.00	8339.8
264.25	8308.8
264.50	8241.4
264.75	8455.6
265.00	8316.9
265.25	8510.9
265.50	8147.1
265.75	8320.9
266.00	8541.9
266.25	8283.2
266.50	8171.4
266.75	8082.4
267.00	8113.4
267.25	8323.6
267.50	8126.9
267.75	8292.6
268.00	8184.8
268.25	8070.3
268.50	8184.8
268.75	8296.7
269.00	8264.3
269.25	8246.8
269.50	8250.8
269.75	8101.3
270.00	8182.1
270.25	8194.3
270.50	8288.6
270.75	8401.7
271.00	8350.5
271.25	8249.5
271.50	8210.4
271.75	8182.1
272.00	8194.3
272.25	8362.7
272.50	8382.9
272.75	8174.0
273.00	8265.7
273.25	8094.6
273.50	8180.8
273.75	8408.5
274.00	8314.2
274.25	8377.5
274.50	8118.8
274.75	8275.1
275.00	8001.6
275.25	8011.0
275.50	7943.7
275.75	8086.5
276.00	8118.8
276.25	8121.5
276.50	8182.1
276.75	8308.8
277.00	8101.3
277.25	7986.8
277.50	8048.7
277.75	7889.8
278.00	8384.2
278.25	8029.9
278.50	8121.5
278.75	7963.9
279.00	7674.2
279.25	7849.3
279.50	7897.9
279.75	8101.3
280.00	7853.4
280.25	8048.7
280.50	7555.6
280.75	7849.3
281.00	7751.0
281.25	7792.8
281.50	7666.1
281.75	7988.1
282.00	7930.2
282.25	7888.4
282.50	7776.6
282.75	7915.4
283.00	7619.0
283.25	7523.3
283.50	7656.7
283.75	7722.7
284.00	7344.1
284.25	7411.5
284.50	7543.5
284.75	7644.6
285.00	7461.3
285.25	7654.0
285.50	7251.1
285.75	7435.7
286.00	7443.8
286.25	7282.1
286.50	7295.6
286.75	7146.1
287.00	7497.7
287.25	7480.2
287.50	7617.6
287.75	7352.2
288.00	7209.4
288.25	7282.1
288.50	7235.0
288.75	7259.2
289.00	7169.0
289.25	7038.3
289.50	7205.3
289.75	7163.6
290.00	7283.5
290.25	7059.8
290.50	7156.8
290.75	7098.9
291.00	7167.6
291.25	6995.2
291.50	6935.9
291.75	6840.2
292.00	7059.8
292.25	7074.7
292.50	7020.8
292.75	7155.5
293.00	6810.6
293.25	6787.7
293.50	7174.4
293.75	7057.1
294.00	7030.2
294.25	7018.1
294.50	6805.2
294.75	6906.2
295.00	7054.4
295.25	6997.9
295.50	6949.4
295.75	6737.8
296.00	6619.3
296.25	6690.7
296.50	6818.7
296.75	6999.2
297.00	6898.2
297.25	6555.9
297.50	6495.3
297.75	6925.1
298.00	6692.0
298.25	6900.9
298.50	6933.2
298.75	6304.0
299.00	6615.2
299.25	6643.5
299.50	6679.9
299.75	6657.0
300.00	6520.9
300.25	6646.2
300.50	6688.0
300.75	6797.1
301.00	6824.1
301.25	6531.7
301.50	6423.9
301.75	6425.3
302.00	6485.9
302.25	6515.5
302.50	6467.0
302.75	6673.2
303.00	6547.9
303.25	6456.2
303.50	6233.9
303.75	6488.6
304.00	6442.8
304.25	6612.5
304.50	6387.5
304.75	6729.7
305.00	6436.0
305.25	6535.7
305.50	6643.5
305.75	6729.7
306.00	6667.8
306.25	6770.2
306.50	6825.4
306.75	6847.0
307.00	6658.3
307.25	6793.1
307.50	6449.5
307.75	6825.4
308.00	6791.7
308.25	6681.2
308.50	6799.8
308.75	6605.8
309.00	6428.0
309.25	6473.8
309.50	6635.4
309.75	6884.7
310.00	7457.3
310.25	7327.9
310.50	6873.9
310.75	7003.2
311.00	6316.1
311.25	6876.6
311.50	6643.5
311.75	7598.8
312.00	7846.7
312.25	7271.4
312.50	6231.2
312.75	6407.7
313.00	7169.0
313.25	6561.3
313.50	6719.0
313.75	7237.7
314.00	7705.2
314.25	7612.2
314.50	7206.7
314.75	6673.2
315.00	6856.4
315.25	7256.5
315.50	7602.8
315.75	7357.6
316.00	7348.2
316.25	7365.7
316.50	7559.7
316.75	6868.5
317.00	7822.4
317.25	8407.1
317.50	8060.9
317.75	8497.4
318.00	8120.2
318.25	8090.5
318.50	7853.4
318.75	7749.6
319.00	8347.8
319.25	8457.0
319.50	8551.3
319.75	8062.2
320.00	7984.1
320.25	8664.5
320.50	8585.0
320.75	8684.7
321.00	8882.7
321.25	9549.6
321.50	9462.1
321.75	8641.6
322.00	8617.3
322.25	9619.7
322.50	9762.5
322.75	8617.3
323.00	9720.7
323.25	8985.1
323.50	10535
323.75	9759.8
324.00	9654.7
324.25	9606.2
324.50	10079
324.75	9656.1
325.00	9653.4
325.25	9420.3
325.50	11290
325.75	10076
326.00	10517
326.25	10380
326.50	11139
326.75	11336
327.00	10762
327.25	10392
327.50	10772
327.75	10415
328.00	10730
328.25	11494
328.50	10524
328.75	10553
329.00	10586
329.25	10855
329.50	12169
329.75	11133
330.00	11285
330.25	11486
330.50	12390
330.75	11852
331.00	12754
331.25	12017
331.50	12545
331.75	12677
332.00	12877
332.25	13546
332.50	13464
332.75	13360
333.00	14070
333.25	14170
333.50	14861
333.75	14514
334.00	14730
334.25	15453
334.50	15494
334.75	15152
335.00	16044
335.25	16402
335.50	16860
335.75	17528
336.00	17425
336.25	18075
336.50	17740
336.75	18515
337.00	18765
337.25	18904
337.50	19099
337.75	18915
338.00	18721
338.25	18484
338.50	18323
338.75	18834
339.00	17842
339.25	17526
339.50	17769
339.75	16546
340.00	16432
340.25	15910
340.50	15555
340.75	14840
341.00	14908
341.25	13930
341.50	13439
341.75	12763
342.00	12861
342.25	12446
342.50	12227
342.75	11631
343.00	11507
343.25	10451
343.50	10556
343.75	10270
344.00	9596.8
344.25	9670.9
344.50	9160.3
344.75	9388.0
345.00	8820.7
345.25	8529.7
345.50	7395.3
345.75	8012.4
346.00	8126.9
346.25	7689.0
346.50	7772.6
346.75	7012.7
347.00	7233.6
347.25	7552.9
347.50	6162.5
347.75	6142.3
348.00	7022.1
348.25	6320.2
348.50	5845.9
348.75	5858.0
349.00	6239.3
349.25	6007.6
349.50	6114.0
349.75	5695.0
350.00	5894.4
350.25	5253.1
350.50	5897.1
350.75	5550.9
351.00	5673.5
351.25	5788.0
351.50	5280.1
351.75	5620.9
352.00	5755.6
352.25	5068.5
352.50	5709.8
352.75	5894.4
353.00	5183.0
353.25	4917.6
353.50	5090.1
353.75	4955.4
354.00	5185.7
354.25	5537.4
354.50	5646.5
354.75	5048.3
355.00	5056.4
355.25	4956.7
355.50	5431.0
355.75	4963.4
356.00	4981.0
356.25	4792.3
356.50	5218.1
356.75	5342.0
357.00	4993.1
357.25	5090.1
357.50	4873.2
357.75	5156.1
358.00	5056.4
358.25	5153.4
358.50	5224.8
358.75	5471.4
359.00	4743.8
359.25	5142.6
359.50	5311.0
359.75	5215.4
360.00	5222.1
360.25	5328.6
360.50	5311.0
360.75	5269.3
361.00	5115.7
361.25	4777.5
361.50	5307.0
361.75	5466.0
362.00	5111.6
362.25	5777.2
362.50	5771.8
362.75	5068.5
363.00	5293.5
363.25	5149.4
363.50	5122.4
363.75	4951.3
364.00	5851.3
364.25	5650.6
364.50	5277.4
364.75	4883.9
365.00	5641.1
365.25	5162.8
365.50	5079.3
365.75	5375.7
366.00	5245.0
366.25	5367.6
366.50	5693.7
366.75	4881.3
367.00	5071.2
367.25	5723.3
367.50	5263.9
367.75	5379.8
368.00	5331.3
368.25	5528.0
368.50	5280.1
368.75	5266.6
369.00	5556.2
369.25	5502.4
369.50	5277.4
369.75	5122.4
370.00	5506.4
370.25	5538.7
370.50	5457.9
370.75	5650.6
371.00	5549.5
371.25	5284.1
371.50	5872.9
371.75	5579.2
372.00	5610.1
372.25	5660.0
372.50	5371.7
372.75	5627.7
373.00	5573.8
373.25	5759.7
373.50	5370.3
373.75	5872.9
374.00	5921.4
374.25	5750.3
374.50	5646.5
374.75	6220.5
375.00	5719.3
375.25	6023.8
375.50	5599.4
375.75	6421.2
376.00	5907.9
376.25	6286.5
376.50	5972.6
376.75	5782.6
377.00	6243.4
377.25	5889.0
377.50	6173.3
377.75	6151.8
378.00	6105.9
378.25	6100.6
378.50	5595.3
378.75	6294.6
379.00	6048.0
379.25	6061.5
379.50	6115.4
379.75	6388.9
380.00	6176.0
380.25	6275.7
380.50	6158.5
380.75	6279.7
381.00	6146.4
381.25	6157.1
381.50	5778.6
381.75	6247.4
382.00	6115.4
382.25	6547.9
382.50	5967.2
382.75	6053.4
383.00	5872.9
383.25	5924.1
383.50	5789.3
383.75	5819.0
384.00	5891.7
384.25	5932.1
384.50	5673.5
384.75	5650.6
385.00	5418.8
385.25	5924.1
385.50	5537.4
385.75	5924.1
386.00	5418.8
386.25	5276.0
386.50	5219.4
386.75	4894.7
387.00	5420.2
387.25	5010.6
387.50	5131.9
387.75	4630.7
388.00	5122.4
388.25	5280.1
388.50	4908.2
388.75	4284.4
389.00	4570.0
389.25	4773.5
389.50	4448.8
389.75	4151.0
390.00	4319.4
390.25	4392.2
390.50	4598.3
390.75	4526.9
391.00	4219.7
391.25	4198.2
391.50	3969.1
391.75	3795.3
392.00	4168.5
392.25	3900.4
392.50	3920.6
392.75	3733.4
393.00	3837.1
393.25	3691.6
393.50	3307.6
393.75	3512.4
394.00	3296.8
394.25	3411.4
394.50	3333.2
394.75	2945.2
395.00	3000.4
395.25	3455.8
395.50	3457.2
395.75	3529.9
396.00	3162.1
396.25	2802.4
396.50	2760.6
396.75	2860.3
397.00	3341.3
397.25	3334.6
397.50	3096.1
397.75	3263.2
398.00	2834.7
398.25	2801.0
398.50	2496.5
398.75	3086.7
399.00	3034.1
399.25	2809.1
399.50	2550.4
399.75	2883.2
400.00	2803.7
400.25	2607.0
400.50	2930.4
400.75	2841.4
401.00	2523.5
401.25	2427.8
401.50	2045.2
401.75	2341.6
402.00	2555.8
402.25	2597.6
402.50	2453.4
402.75	2759.3
403.00	2382.0
403.25	2452.1
403.50	2404.9
403.75	2387.4
404.00	2398.2
404.25	2333.5
404.50	2353.7
404.75	2251.3
405.00	2693.2
405.25	2294.4
405.50	2360.5
405.75	2545.0
406.00	2360.5
406.25	2299.8
406.50	2274.2
406.75	2563.9
407.00	2303.9
407.25	2731.0
407.50	2369.9
407.75	2559.9
408.00	2430.5
408.25	2867.0
408.50	2434.6
408.75	2345.6
409.00	2184.0
409.25	2138.2
409.50	2563.9
409.75	1946.8
410.00	2192.1
410.25	2158.4
410.50	2166.5
410.75	2425.1
411.00	2235.2
411.25	2535.6
411.50	2600.3
411.75	2240.6
412.00	2410.3
412.25	1999.4
412.50	2338.9
412.75	2134.1
413.00	2352.4
413.25	2515.4
413.50	2547.7
413.75	2023.6
414.00	2136.8
414.25	2085.6
414.50	2058.7
414.75	2147.6
415.00	2158.4
415.25	2103.1
415.50	2107.2
415.75	2251.3
416.00	2213.6
416.25	2208.2
416.50	1941.5
416.75	2104.5
417.00	2194.7
417.25	2033.1
417.50	2258.1
417.75	2431.9
418.00	1995.3
418.25	2037.1
418.50	2239.2
418.75	1849.8
419.00	2043.8
419.25	2196.1
419.50	1886.2
419.75	2188.0
420.00	2134.1
420.25	2248.6
420.50	2179.9
420.75	2089.7
421.00	2282.3
421.25	2117.9
421.50	1960.3
421.75	2070.8
422.00	2367.2
422.25	2215.0
422.50	2255.4
422.75	2422.4
423.00	2038.5
423.25	2322.7
423.50	2184.0
423.75	2312.0
424.00	2345.6
424.25	2131.4
424.50	2324.1
424.75	2287.7
425.00	2297.1
425.25	2479.0
425.50	2127.4
425.75	2012.9
426.00	2221.7
426.25	2360.5
426.50	2159.7
426.75	2278.3
427.00	2431.9
427.25	2122.0
427.50	2426.5
427.75	2252.7
428.00	1863.3
428.25	2111.2
428.50	2197.4
428.75	2068.1
429.00	2469.6
429.25	2159.7
429.50	2108.5
429.75	1763.6
430.00	2461.5
430.25	2283.7
430.50	2124.7
430.75	1942.8
431.00	2163.8
431.25	1915.9
431.50	2128.7
431.75	2025.0
432.00	2066.8
432.25	1915.9
432.50	2244.6
432.75	1956.3
433.00	1954.9
433.25	2202.8
433.50	1832.3
433.75	1987.3
434.00	2014.2
434.25	2167.8
434.50	1960.3
434.75	1736.7
435.00	2194.7
435.25	1818.8
435.50	1824.2
435.75	1899.7
436.00	1800.0
436.25	2287.7
436.50	1949.5
436.75	2016.9
437.00	2034.4
437.25	1899.7
437.50	1965.7
437.75	1822.9
438.00	2047.9
438.25	1694.9
438.50	1600.6
438.75	1421.4
439.00	1942.8
439.25	1712.4
439.50	1658.5
439.75	2117.9
440.00	1813.5
440.25	1570.9
440.50	1665.3
440.75	2069.4
441.00	1612.7
441.25	1580.4
441.50	1844.4
441.75	1479.3
442.00	1611.4
442.25	1903.7
442.50	1779.8
442.75	1700.3
443.00	1444.3
443.25	1484.7
443.50	1313.6
443.75	1577.7
444.00	1728.6
444.25	1420.1
444.50	1649.1
444.75	1620.8
445.00	1457.8
445.25	1773.0
445.50	1600.6
445.75	1463.2
446.00	1227.4
446.25	1661.2
446.50	1522.4
446.75	1579.0
447.00	1383.7
447.25	1541.3
447.50	1612.7
447.75	1531.9
448.00	1593.9
448.25	1518.4
448.50	1649.1
448.75	1495.5
449.00	1635.6
449.25	1441.6
449.50	1686.8
449.75	1627.5
450.00	1708.4
450.25	1595.2
450.50	1709.7
450.75	1420.1
451.00	1673.3
451.25	1713.8
451.50	1468.6
451.75	1405.2
452.00	1449.7
452.25	1495.5
452.50	1568.3
452.75	1595.2
453.00	1315.0
453.25	1119.6
453.50	1394.5
453.75	1297.4
454.00	1488.8
454.25	1669.3
454.50	1766.3
454.75	1573.6
455.00	1674.7
455.25	1534.6
455.50	1449.7
455.75	1740.7
456.00	1487.4
456.25	1440.3
456.50	1557.5
456.75	1581.7
457.00	1789.2
457.25	1393.1
457.50	1486.1
457.75	1537.3
458.00	1438.9
458.25	1545.3
458.50	1496.8
458.75	1527.8
459.00	1566.9
459.25	1561.5
459.50	1416.0
459.75	1653.1
460.00	1421.4
460.25	1368.9
460.50	1355.4
460.75	1601.9
461.00	1413.3
461.25	1425.4
461.50	1363.5
461.75	1372.9
462.00	1332.5
462.25	1537.3
462.50	1514.4
462.75	1564.2
463.00	1417.4
463.25	1407.9
463.50	1742.1
463.75	1607.3
464.00	1496.8
464.25	1503.6
464.50	1558.8
464.75	1638.3
465.00	1720.5
465.25	1403.9
465.50	1599.2
465.75	1367.5
466.00	1468.6
466.25	1724.5
466.50	1294.8
466.75	1460.5
467.00	1468.6
467.25	1192.4
467.50	2113.9
467.75	1413.3
468.00	1579.0
468.25	1760.9
468.50	1215.3
468.75	1222.0
469.00	1328.4
469.25	1668.0
469.50	1676.0
469.75	1438.9
470.00	1557.5
470.25	1581.7
470.50	1425.4
470.75	1724.5
471.00	1610.0
471.25	1700.3
471.50	1412.0
471.75	1973.8
472.00	1704.3
472.25	1425.4
472.50	1358.1
472.75	1655.8
473.00	1713.8
473.25	1809.4
473.50	1482.0
473.75	1600.6
474.00	1918.5
474.25	1864.7
474.50	1591.2
474.75	1448.3
475.00	1696.2
475.25	1494.2
475.50	1746.1
475.75	1862.0
476.00	1591.2
476.25	1662.6
476.50	1677.4
476.75	1654.5
477.00	1436.2
477.25	1646.4
477.50	1678.7
477.75	1828.3
478.00	1604.6
478.25	1971.1
478.50	1919.9
478.75	1499.5
479.00	1715.1
479.25	1460.5
479.50	1659.9
479.75	1805.4
480.00	1715.1
480.25	1746.1
480.50	1822.9
480.75	1743.4
481.00	1759.6
481.25	1836.4
481.50	1662.6
481.75	1883.5
482.00	1615.4
482.25	1987.3
482.50	1736.7
482.75	1794.6
483.00	1894.3
483.25	1601.9
483.50	1999.4
483.75	1851.2
484.00	1534.6
484.25	1837.7
484.50	1848.5
484.75	1786.5
485.00	1794.6
485.25	1867.4
485.50	1845.8
485.75	1801.3
486.00	1837.7
486.25	1981.9
486.50	1926.6
486.75	1822.9
487.00	2320.0
487.25	1755.5
487.50	1680.1
487.75	2038.5
488.00	1700.3
488.25	2023.6
488.50	1878.1
488.75	2016.9
489.00	1810.8
489.25	2282.3
489.50	2320.0
489.75	2169.1
490.00	1607.3
490.25	1770.3
490.50	2039.8
490.75	1826.9
491.00	1949.5
491.25	1964.4
491.50	1944.1
491.75	2116.6
492.00	2115.3
492.25	2194.7
492.50	1862.0
492.75	2157.0
493.00	2039.8
493.25	2200.1
493.50	2140.9
493.75	2004.8
494.00	2045.2
494.25	2188.0
494.50	2177.2
494.75	2317.3
495.00	2019.6
495.25	2154.3
495.50	2262.1
495.75	2278.3
496.00	2444.0
496.25	2398.2
496.50	2194.7
496.75	2258.1
497.00	2223.0
497.25	2035.8
497.50	2512.7
497.75	2480.4
498.00	2291.8
498.25	2367.2
498.50	2283.7
498.75	2103.1
499.00	2386.1
499.25	2648.8
499.50	2492.5
499.75	2662.3
500.00	2660.9
500.25	2400.9
500.50	2410.3
500.75	2252.7
501.00	2530.2
501.25	2390.1
501.50	2588.2
501.75	2704.0
502.00	2522.1
502.25	2554.5
502.50	2842.8
502.75	2638.0
503.00	2624.5
503.25	2815.8
503.50	2656.9
503.75	2648.8
504.00	2732.3
504.25	2880.5
504.50	2407.6
504.75	2774.1
505.00	2993.7
505.25	2817.2
505.50	2430.5
505.75	2888.6
506.00	2632.6
506.25	2726.9
506.50	2788.9
506.75	2724.2
507.00	2818.5
507.25	2686.5
507.50	2801.0
507.75	2811.8
508.00	2691.9
508.25	2974.8
508.50	2964.1
508.75	3155.4
509.00	2772.7
509.25	2969.4
509.50	2916.9
509.75	2894.0
510.00	3136.5
510.25	2922.3
510.50	3190.4
510.75	3216.0
511.00	3455.8
511.25	3391.1
511.50	2899.4
511.75	3251.0
512.00	3136.5
512.25	3542.0
512.50	3407.3
512.75	3160.8
513.00	3385.8
513.25	3350.7
513.50	3096.1
513.75	3513.7
514.00	3314.3
514.25	3795.3
514.50	3438.3
514.75	3171.5
515.00	3492.2
515.25	3609.4
515.50	3655.2
515.75	3300.9
516.00	3486.8
516.25	3620.2
516.50	3477.4
516.75	3474.7
517.00	3593.2
517.25	3791.3
517.50	3853.3
517.75	3904.5
518.00	3772.4
518.25	3391.1
518.50	3754.9
518.75	4184.7
519.00	3930.1
519.25	4045.9
519.50	3679.5
519.75	4401.6
520.00	4111.9
520.25	4308.7
520.50	4079.6
520.75	3792.6
521.00	4101.2
521.25	4164.5
521.50	4183.4
521.75	3931.4
522.00	4122.7
522.25	4543.1
522.50	4326.2
522.75	4027.1
523.00	4412.4
523.25	4085.0
523.50	4563.3
523.75	4411.0
524.00	4125.4
524.25	4156.4
524.50	4221.1
524.75	4275.0
525.00	4443.4
525.25	4544.4
525.50	4280.4
525.75	4607.8
526.00	4215.7
526.25	4455.5
526.50	4548.5
526.75	4834.1
527.00	4675.1
527.25	4751.9
527.50	4649.5
527.75	4733.1
528.00	4707.5
528.25	4742.5
528.50	4704.8
528.75	4657.6
529.00	4632.0
529.25	4700.7
529.50	4751.9
529.75	4774.8
530.00	5359.5
530.25	4952.7
530.50	4848.9
530.75	5243.7
531.00	4835.4
531.25	5122.4
531.50	4883.9
531.75	5045.6
532.00	4999.8
532.25	5394.6
532.50	5203.3
532.75	5278.7
533.00	5169.6
533.25	5452.5
533.50	5148.0
533.75	5445.8
534.00	5125.1
534.25	5519.9
534.50	5172.3
534.75	5441.7
535.00	5686.9
535.25	5677.5
535.50	5273.3
535.75	5638.4
536.00	5782.6
536.25	5871.5
536.50	5765.1
536.75	5650.6
537.00	5883.6
537.25	5753.0
537.50	5728.7
537.75	5879.6
538.00	5924.1
538.25	6418.5
538.50	5894.4
538.75	6189.5
539.00	5894.4
539.25	5971.2
539.50	6240.7
539.75	6026.5
540.00	6429.3
540.25	6203.0
540.50	6236.6
540.75	6518.2
541.00	6604.4
541.25	6360.6
541.50	6768.8
541.75	6935.9
542.00	6659.7
542.25	6922.4
542.50	6754.0
542.75	6666.4
543.00	6483.2
543.25	6495.3
543.50	7152.8
543.75	6983.0
544.00	6799.8
544.25	7163.6
544.50	7069.3
544.75	7325.2
545.00	6961.5
545.25	7380.5
545.50	7197.3
545.75	7512.5
546.00	7492.3
546.25	7313.1
546.50	7229.6
546.75	7480.2
547.00	7773.9
547.25	7834.5
547.50	7636.5
547.75	7433.0
548.00	8007.0
548.25	8223.9
548.50	8229.3
548.75	7997.6
549.00	7988.1
549.25	8114.8
549.50	8039.3
549.75	8206.4
550.00	8451.6
550.25	8531.1
550.50	8711.6
550.75	8459.7
551.00	8284.5
551.25	8783.0
551.50	8497.4
551.75	8787.1
552.00	8644.3
552.25	8446.2
552.50	9017.5
552.75	9284.2
553.00	9507.9
553.25	9191.3
553.50	9160.3
553.75	9173.7
554.00	9346.2
554.25	9319.2
554.50	9720.7
554.75	9449.9
555.00	9657.4
555.25	9618.3
555.50	9910.7
555.75	9972.7
556.00	10161
556.25	10099
556.50	10225
556.75	10192
557.00	10535
557.25	10085
557.50	10467
557.75	10536
558.00	10749
558.25	10797
558.50	10972
558.75	10730
559.00	11139
559.25	10971
559.50	11005
559.75	11165
560.00	11325
560.25	11166
560.50	11778
560.75	11094
561.00	11666
561.25	11482
561.50	11754
561.75	11806
562.00	11748
562.25	11951
562.50	12322
562.75	11980
563.00	12391
563.25	11897
563.50	12285
563.75	12279
564.00	12356
564.25	12386
564.50	12396
564.75	12791
565.00	12845
565.25	12867
565.50	12879
565.75	13194
566.00	13035
566.25	13100
566.50	13245
566.75	13205
567.00	13047
567.25	13353
567.50	13438
567.75	13538
568.00	13613
568.25	13943
568.50	13928
568.75	13888
569.00	14148
569.25	14272
569.50	14399
569.75	14139
570.00	14298
570.25	14222
570.50	14702
570.75	14510
571.00	14815
571.25	14664
571.50	15076
571.75	15001
572.00	14967
572.25	15254
572.50	15122
572.75	15530
573.00	15327
573.25	15076
573.50	15476
573.75	15622
574.00	15653
574.25	16049
574.50	15867
574.75	15955
575.00	15882
575.25	16247
575.50	15681
575.75	16050
576.00	16228
576.25	16612
576.50	16379
576.75	16502
577.00	16370
577.25	16859
577.50	17340
577.75	16991
578.00	16647
578.25	17119
578.50	16937
578.75	17729
579.00	17287
579.25	17430
579.50	17425
579.75	17539
580.00	17825
580.25	17483
580.50	17693
580.75	18241
581.00	17857
581.25	18004
581.50	18248
581.75	18525
582.00	18696
582.25	18644
582.50	18760
582.75	18744
583.00	18819
583.25	18901
583.50	19250
583.75	18942
584.00	19053
584.25	19497
584.50	19454
584.75	18905
585.00	19668
585.25	19642
585.50	20216
585.75	20121
586.00	19650
586.25	20199
586.50	20212
586.75	20410
587.00	20347
587.25	20672
587.50	20654
587.75	20781
588.00	21274
588.25	21097
588.50	21184
588.75	21320
589.00	21348
589.25	21849
589.50	21650
589.75	22247
590.00	21947
590.25	22303
590.50	22560
590.75	22294
591.00	22445
591.25	22540
591.50	22767
591.75	22737
592.00	23357
592.25	23378
592.50	23155
592.75	23392
593.00	23954
593.25	24115
593.50	23896
593.75	24189
594.00	24272
594.25	24604
594.50	24716
594.75	25052
595.00	25322
595.25	25347
595.50	25407
595.75	25654
596.00	25762
596.25	25837
596.50	26124
596.75	26489
597.00	26334
597.25	26472
597.50	26953
597.75	27109
598.00	26955
598.25	27629
598.50	27898
598.75	27638
599.00	27752
599.25	28404
599.50	28270
599.75	28657
600.00	28789
600.25	29001
600.50	29079
600.75	29486
601.00	29401
601.25	29720
601.50	30204
601.75	30053
602.00	30413
602.25	30477
602.50	30872
602.75	31201
603.00	31388
603.25	31626
603.50	31461
603.75	31932
604.00	31577
604.25	32640
604.50	32656
604.75	32881
605.00	33110
605.25	33406
605.50	33281
605.75	33579
606.00	33854
606.25	34177
606.50	34554
606.75	34754
607.00	34811
607.25	35253
607.50	35596
607.75	35647
608.00	35722
608.25	35940
608.50	36434
608.75	36661
609.00	37090
609.25	37215
609.50	37274
609.75	37529
610.00	37852
610.25	38285
610.50	38640
610.75	39049
611.00	39100
611.25	39478
611.50	39464
611.75	39873
612.00	39978
612.25	40667
612.50	40884
612.75	40997
613.00	41117
613.25	41629
613.50	41909
613.75	41850
614.00	42211
614.25	42329
614.50	42876
614.75	43299
615.00	43559
615.25	43532
615.50	43890
615.75	43934
616.00	44008
616.25	45186
616.50	44946
616.75	45443
617.00	45562
617.25	45804
617.50	46290
617.75	46453
618.00	46848
618.25	47025
618.50	47212
618.75	47632
619.00	47991
619.25	48115
619.50	48341
619.75	49071
620.00	49094
620.25	49423
620.50	49698
620.75	49962
621.00	50436
621.25	50630
621.50	50828
621.75	51044
622.00	51442
622.25	51763
622.50	51886
622.75	52275
623.00	52589
623.25	52744
623.50	53210
623.75	53280
624.00	53652
624.25	53732
624.50	54167
624.75	54528
625.00	54140
625.25	54533
625.50	55127
625.75	55447
626.00	55544
626.25	55592
626.50	55982
626.75	56221
627.00	56857
627.25	56718
627.50	56985
627.75	57344
628.00	57389
628.25	57495
628.50	57462
628.75	58121
629.00	58316
629.25	58787
629.50	58754
629.75	59083
630.00	59165
630.25	59420
630.50	59891
630.75	59739
631.00	59777
631.25	60114
631.50	60184
631.75	60549
632.00	60465
632.25	60874
632.50	61062
632.75	61094
633.00	61329
633.25	61670
633.50	61495
633.75	61782
634.00	61958
634.25	62091
634.50	62657
634.75	62688
635.00	62983
635.25	63124
635.50	62973
635.75	63347
636.00	63794
636.25	63991
636.50	63529
636.75	63960
637.00	64187
637.25	64329
637.50	64257
637.75	64337
638.00	64944
638.25	64973
638.50	64977
638.75	64928
639.00	65254
639.25	65392
639.50	65890
639.75	65628
640.00	65577
640.25	65918
640.50	66104
640.75	66546
641.00	66330
641.25	66486
641.50	66636
641.75	66877
642.00	67250
642.25	66938
642.50	67439
642.75	67552
643.00	67660
643.25	68084
643.50	67648
643.75	68332
644.00	68401
644.25	68810
644.50	68684
644.75	69029
645.00	68863
645.25	69640
645.50	69306
645.75	69867
646.00	70297
646.25	70398
646.50	70368
646.75	71021
647.00	71186
647.25	71187
647.50	71690
647.75	71628
648.00	72144
648.25	72282
648.50	72637
648.75	73201
649.00	73658
649.25	73933
649.50	74082
649.75	74422
650.00	74871
650.25	75168
650.50	75756
650.75	76058
651.00	76355
651.25	77126
651.50	77181
651.75	77529
652.00	77883
652.25	78822
652.50	79249
652.75	79741
653.00	80044
653.25	80718
653.50	80800
653.75	81658
654.00	81961
654.25	82057
654.50	82927
654.75	83128
655.00	84203
655.25	84839
655.50	85137
655.75	86300
656.00	86611
656.25	87229
656.50	88233
656.75	88845
657.00	89498
657.25	90487
657.50	91298
657.75	91778
658.00	92788
658.25	93614
658.50	94039
658.75	95525
659.00	96386
659.25	97144
659.50	98052
659.75	98662
660.00	99770
660.25	1.0093e+05
660.50	1.0169e+05
660.75	1.0316e+05
661.00	1.0362e+05
661.25	1.0516e+05
661.50	1.0617e+05
661.75	1.0710e+05
662.00	1.0844e+05
662.25	1.0953e+05
662.50	1.1051e+05
662.75	1.1222e+05
663.00	1.1283e+05
663.25	1.1396e+05
663.50	1.1511e+05
663.75	1.1643e+05
664.00	1.1805e+05
664.25	1.1882e+05
664.50	1.2015e+05
664.75	1.2141e+05
665.00	1.2244e+05
665.25	1.2405e+05
665.50	1.2541e+05
665.75	1.2606e+05
666.00	1.2784e+05
666.25	1.2883e+05
666.50	1.3040e+05
666.75	1.3155e+05
667.00	1.3314e+05
667.25	1.3453e+05
667.50	1.3582e+05
667.75	1.3722e+05
668.00	1.3839e+05
668.25	1.3992e+05
668.50	1.4111e+05
668.75	1.4279e+05
669.00	1.4407e+05
669.25	1.4555e+05
669.50	1.4710e+05
669.75	1.4814e+05
670.00	1.4972e+05
670.25	1.5104e+05
670.50	1.5276e+05
670.75	1.5403e+05
671.00	1.5562e+05
671.25	1.5714e+05
671.50	1.5835e+05
671.75	1.6035e+05
672.00	1.6111e+05
672.25	1.6303e+05
672.50	1.6473e+05
672.75	1.6625e+05
673.00	1.6788e+05
673.25	1.6878e+05
673.50	1.7076e+05
673.75	1.7216e+05
674.00	1.7367e+05
674.25	1.7505e+05
674.50	1.7717e+05
674.75	1.7882e+05
675.00	1.8077e+05
675.25	1.8183e+05
675.50	1.8392e+05
675.75	1.8505e+05
676.00	1.8614e+05
676.25	1.8760e+05
676.50	1.8877e+05
676.75	1.9028e+05
677.00	1.9140e+05
677.25	1.9303e+05
677.50	1.9394e+05
677.75	1.9568e+05
678.00	1.9685e+05
678.25	1.9814e+05
678.50	1.9872e+05
678.75	2.0032e+05
679.00	2.0117e+05
679.25	2.0173e+05
679.50	2.0294e+05
679.75	2.0429e+05
680.00	2.0504e+05
680.25	2.0608e+05
680.50	2.0720e+05
680.75	2.0851e+05
681.00	2.0845e+05
681.25	2.0943e+05
681.50	2.1043e+05
681.75	2.1122e+05
682.00	2.1201e+05
682.25	2.1261e+05
682.50	2.1396e+05
682.75	2.1444e+05
683.00	2.1450e+05
683.25	2.1567e+05
683.50	2.1558e+05
683.75	2.1687e+05
684.00	2.1729e+05
684.25	2.1746e+05
684.50	2.1767e+05
684.75	2.1812e+05
685.00	2.1799e+05
685.25	2.1910e+05
685.50	2.1889e+05
685.75	2.1883e+05
686.00	2.1942e+05
686.25	2.1862e+05
686.50	2.1940e+05
686.75	2.1946e+05
687.00	2.1994e+05
687.25	2.1982e+05
687.50	2.2001e+05
687.75	2.1902e+05
688.00	2.1904e+05
688.25	2.1890e+05
688.50	2.1936e+05
688.75	2.1836e+05
689.00	2.1815e+05
689.25	2.1785e+05
689.50	2.1771e+05
689.75	2.1744e+05
690.00	2.1709e+05
690.25	2.1619e+05
690.50	2.1587e+05
690.75	2.1557e+05
691.00	2.1517e+05
691.25	2.1409e+05
691.50	2.1263e+05
691.75	2.1230e+05
692.00	2.1176e+05
692.25	2.1107e+05
692.50	2.0943e+05
692.75	2.0902e+05
693.00	2.0793e+05
693.25	2.0698e+05
693.50	2.0549e+05
693.75	2.0573e+05
694.00	2.0445e+05
694.25	2.0356e+05
694.50	2.0278e+05
694.75	2.0090e+05
695.00	1.9971e+05
695.25	1.9902e+05
695.50	1.9716e+05
695.75	1.9607e+05
696.00	1.9424e+05
696.25	1.9341e+05
696.50	1.9195e+05
696.75	1.8996e+05
697.00	1.8900e+05
697.25	1.8710e+05
697.50	1.8576e+05
697.75	1.8435e+05
698.00	1.8216e+05
698.25	1.8058e+05
698.50	1.7921e+05
698.75	1.7719e+05
699.00	1.7539e+05
699.25	1.7335e+05
699.50	1.7185e+05
699.75	1.6999e+05
700.00	1.6853e+05
700.25	1.6631e+05
700.50	1.6412e+05
700.75	1.6266e+05
701.00	1.6051e+05
701.25	1.5870e+05
701.50	1.5621e+05
701.75	1.5472e+05
702.00	1.5309e+05
702.25	1.5058e+05
702.50	1.4901e+05
702.75	1.4687e+05
703.00	1.4497e+05
703.25	1.4324e+05
703.50	1.4122e+05
703.75	1.3938e+05
704.00	1.3721e+05
704.25	1.3539e+05
704.50	1.3358e+05
704.75	1.3149e+05
705.00	1.2943e+05
705.25	1.2752e+05
705.50	1.2551e+05
705.75	1.2386e+05
706.00	1.2204e+05
706.25	1.1998e+05
706.50	1.1818e+05
706.75	1.1624e+05
707.00	1.1438e+05
707.25	1.1275e+05
707.50	1.1113e+05
707.75	1.0943e+05
708.00	1.0738e+05
708.25	1.0524e+05
708.50	1.0385e+05
708.75	1.0189e+05
709.00	1.0024e+05
709.25	98133
709.50	96787
709.75	95645
710.00	93461
710.25	91448
710.50	89910
710.75	88357
711.00	86952
711.25	84881
711.50	83392
711.75	81867
712.00	80439
712.25	78821
712.50	76989
712.75	75586
713.00	74693
713.25	72701
713.50	71641
713.75	70323
714.00	68711
714.25	67623
714.50	66238
714.75	64447
715.00	62378
715.25	61152
715.50	59581
715.75	58653
716.00	57034
716.25	55897
716.50	54896
716.75	53860
717.00	52469
717.25	51495
717.50	50491
717.75	49225
718.00	48412
718.25	47483
718.50	46556
718.75	45636
719.00	44842
719.25	43656
719.50	42864
719.75	42200
720.00	41163
720.25	40501
720.50	39297
720.75	38627
721.00	38015
721.25	37158
721.50	36465
721.75	35582
722.00	34628
722.25	34192
722.50	33412
722.75	32575
723.00	31775
723.25	31271
723.50	30989
723.75	30413
724.00	29525
724.25	28936
724.50	28654
724.75	27971
725.00	26935
725.25	26260
725.50	26057
725.75	25384
726.00	25256
726.25	24487
726.50	23792
726.75	23774
727.00	23116
727.25	22750
727.50	22151
727.75	21629
728.00	21178
728.25	20848
728.50	20152
728.75	19859
729.00	19746
729.25	19122
729.50	18638
729.75	18139
730.00	18011
730.25	17849
730.50	17364
730.75	16778
731.00	16569
731.25	16526
731.50	15797
731.75	15567
732.00	15024
732.25	14750
732.50	14870
732.75	14292
733.00	13969
733.25	13889
733.50	13724
733.75	13682
734.00	13221
734.25	12756
734.50	12904
734.75	12273
735.00	12274
735.25	11963
735.50	11339
735.75	11681
736.00	11284
736.25	11040
736.50	10623
736.75	10714
737.00	10357
737.25	10168
737.50	10071
737.75	9506.5
738.00	9336.8
738.25	9315.2
738.50	9125.2
738.75	9216.9
739.00	8579.6
739.25	8520.3
739.50	8314.2
739.75	8112.1
740.00	8132.3
740.25	7698.5
740.50	7637.8
740.75	7481.5
741.00	7470.8
741.25	6882.0
741.50	7028.8
741.75	7205.3
742.00	6539.8
742.25	6514.2
742.50	6289.2
742.75	6223.2
743.00	6127.5
743.25	5844.6
743.50	5937.5
743.75	5914.6
744.00	5682.9
744.25	5331.3
744.50	5135.9
744.75	5400.0
745.00	5210.0
745.25	4896.1
745.50	5007.9
745.75	4847.6
746.00	4689.9
746.25	4258.8
746.50	4454.2
746.75	4369.3
747.00	4389.5
747.25	4586.2
747.50	4315.4
747.75	3784.6
748.00	3851.9
748.25	3741.4
748.50	3680.8
748.75	4036.5
749.00	3694.3
749.25	3624.2
749.50	3552.8
749.75	3517.8
750.00	3283.4
750.25	3438.3
750.50	3616.1
750.75	3040.8
751.00	3008.5
751.25	3088.0
751.50	3306.3
751.75	2799.7
752.00	2542.3
752.25	2982.9
752.50	2457.5
752.75	2640.7
753.00	2733.7
753.25	2545.0
753.50	2605.7
753.75	2968.1
754.00	2569.3
754.25	2378.0
754.50	2379.3
754.75	2298.5
755.00	2278.3
755.25	1813.5
755.50	2189.4
755.75	2014.2
756.00	2144.9
756.25	2325.4
756.50	1825.6
756.75	2231.1
757.00	1878.1
757.25	1883.5
757.50	1964.4
757.75	1975.1
758.00	1782.5
758.25	1793.3
758.50	1758.2
758.75	1758.2
759.00	1785.2
759.25	1785.2
759.50	1774.4
759.75	1732.6
760.00	1866.0
760.25	2034.4
760.50	1832.3
760.75	1473.9
761.00	1709.7
761.25	1645.0
761.50	1504.9
761.75	1514.4
762.00	1673.3
762.25	1519.8
762.50	1270.5
762.75	1414.7
763.00	1608.7
763.25	1209.9
763.50	1153.3
763.75	1122.3
764.00	1523.8
764.25	1083.2
764.50	930.98
764.75	1484.7
765.00	1240.9
765.25	1387.7
765.50	1263.8
765.75	1077.8
766.00	1319.0
766.25	1243.6
766.50	991.61
766.75	1320.4
767.00	918.86
767.25	1049.5
767.50	1234.1
767.75	1021.3
768.00	1290.7
768.25	1116.9
768.50	1154.6
768.75	1085.9
769.00	1298.8
769.25	1189.7
769.50	1133.1
769.75	1181.6
770.00	1023.9
770.25	1222.0
770.50	832.63
770.75	1054.9
771.00	695.20
771.25	770.65
771.50	1248.9
771.75	1028.0
772.00	897.30
772.25	972.75
772.50	1153.3
772.75	1006.4
773.00	878.44
773.25	773.35
773.50	974.10
773.75	948.50
774.00	1123.6
774.25	1068.4
774.50	1222.0
774.75	741.01
775.00	879.78
775.25	805.68
775.50	1018.6
775.75	987.57
776.00	825.89
776.25	730.23
776.50	1274.5
776.75	689.82
777.00	1014.5
777.25	899.99
777.50	947.15
777.75	639.97
778.00	751.79
778.25	745.05
778.50	1041.5
778.75	537.57
779.00	816.46
779.25	901.34
779.50	1080.5
779.75	976.79
780.00	602.24
780.25	611.67
780.50	549.70
780.75	571.25
781.00	718.11
781.25	766.61
781.50	844.75
781.75	542.96
782.00	902.69
782.25	917.51
782.50	773.35
782.75	711.37
783.00	847.45
783.25	932.33
783.50	730.23
783.75	1071.1
784.00	703.29
784.25	847.45
784.50	530.83
784.75	751.79
785.00	622.45
785.25	658.83
785.50	633.23
785.75	503.89
786.00	918.86
786.25	691.16
786.50	899.99
786.75	750.44
787.00	777.39
787.25	378.59
787.50	687.12
787.75	852.84
788.00	761.22
788.25	819.16
788.50	685.77
788.75	867.66
789.00	732.93
789.25	617.06
789.50	930.98
789.75	660.18
790.00	802.99
790.25	741.01
790.50	541.61
790.75	664.22
791.00	672.30
791.25	573.95
791.50	778.74
791.75	750.44
792.00	873.05
792.25	569.91
792.50	675.00
792.75	798.95
793.00	753.14
793.25	1034.7
793.50	475.60
793.75	565.86
794.00	862.27
794.25	840.71
794.50	324.70
794.75	897.30
795.00	307.18
795.25	598.20
795.50	883.83
795.75	769.31
796.00	766.61
796.25	463.47
796.50	893.26
796.75	769.31
797.00	534.88
797.25	681.73
797.50	808.38
797.75	437.87
798.00	858.23
798.25	741.01
798.50	790.86
798.75	592.81
799.00	741.01
799.25	846.10
799.50	456.73
799.75	627.84
800.00	979.48
