Wavelength (nm)	H2C PEG12 H2O abs
300.00	0.096397
301.00	0.096005
302.00	0.095349
303.00	0.094349
304.00	0.093110
305.00	0.091584
306.00	0.089853
307.00	0.087783
308.00	0.085713
309.00	0.083745
310.00	0.081825
311.00	0.080321
312.00	0.079054
313.00	0.078375
314.00	0.078142
315.00	0.078403
316.00	0.079021
317.00	0.080154
318.00	0.081585
319.00	0.083249
320.00	0.085040
321.00	0.086970
322.00	0.089090
323.00	0.090983
324.00	0.092883
325.00	0.094761
326.00	0.096591
327.00	0.098385
328.00	0.10003
329.00	0.10178
330.00	0.10354
331.00	0.10534
332.00	0.10702
333.00	0.10889
334.00	0.11084
335.00	0.11288
336.00	0.11510
337.00	0.11742
338.00	0.11973
339.00	0.12187
340.00	0.12407
341.00	0.12608
342.00	0.12793
343.00	0.12975
344.00	0.13140
345.00	0.13322
346.00	0.13527
347.00	0.13765
348.00	0.14059
349.00	0.14420
350.00	0.14814
351.00	0.15271
352.00	0.15779
353.00	0.16303
354.00	0.16825
355.00	0.17346
356.00	0.17839
357.00	0.18293
358.00	0.18688
359.00	0.19015
360.00	0.19284
361.00	0.19480
362.00	0.19636
363.00	0.19760
364.00	0.19862
365.00	0.19974
366.00	0.20130
367.00	0.20337
368.00	0.20630
369.00	0.21032
370.00	0.21523
371.00	0.22131
372.00	0.22850
373.00	0.23622
374.00	0.24494
375.00	0.25409
376.00	0.26381
377.00	0.27437
378.00	0.28595
379.00	0.29842
380.00	0.31290
381.00	0.32863
382.00	0.35013
383.00	0.37266
384.00	0.39672
385.00	0.42493
386.00	0.45518
387.00	0.48812
388.00	0.52199
389.00	0.55580
390.00	0.58975
391.00	0.62206
392.00	0.65158
393.00	0.67717
394.00	0.69720
395.00	0.71552
396.00	0.73061
397.00	0.74437
398.00	0.75740
399.00	0.77041
400.00	0.78557
401.00	0.80377
402.00	0.82569
403.00	0.85059
404.00	0.87855
405.00	0.90909
406.00	0.93767
407.00	0.96334
408.00	0.98569
409.00	0.99874
410.00	1.00000
411.00	0.98904
412.00	0.96577
413.00	0.92808
414.00	0.87908
415.00	0.81529
416.00	0.74303
417.00	0.66359
418.00	0.58239
419.00	0.50420
420.00	0.42850
421.00	0.36035
422.00	0.30285
423.00	0.25210
424.00	0.21028
425.00	0.17386
426.00	0.14408
427.00	0.11872
428.00	0.10046
429.00	0.084480
430.00	0.071654
431.00	0.062416
432.00	0.054895
433.00	0.047815
434.00	0.042615
435.00	0.038662
436.00	0.035100
437.00	0.032500
438.00	0.030205
439.00	0.028382
440.00	0.026968
441.00	0.025633
442.00	0.024815
443.00	0.024071
444.00	0.023566
445.00	0.023075
446.00	0.022732
447.00	0.022543
448.00	0.022410
449.00	0.022294
450.00	0.022300
451.00	0.022302
452.00	0.022341
453.00	0.022489
454.00	0.022641
455.00	0.022757
456.00	0.022892
457.00	0.023058
458.00	0.023174
459.00	0.023277
460.00	0.023415
461.00	0.023713
462.00	0.023704
463.00	0.023875
464.00	0.023855
465.00	0.023966
466.00	0.024084
467.00	0.024349
468.00	0.024434
469.00	0.024500
470.00	0.024803
471.00	0.024973
472.00	0.025188
473.00	0.025336
474.00	0.025636
475.00	0.025741
476.00	0.026106
477.00	0.026443
478.00	0.026700
479.00	0.027266
480.00	0.027931
481.00	0.028742
482.00	0.029879
483.00	0.031248
484.00	0.033041
485.00	0.035669
486.00	0.037484
487.00	0.040363
488.00	0.044028
489.00	0.048058
490.00	0.051920
491.00	0.055792
492.00	0.059295
493.00	0.062308
494.00	0.065090
495.00	0.067520
496.00	0.069637
497.00	0.071684
498.00	0.073698
499.00	0.075709
500.00	0.077584
501.00	0.079244
502.00	0.080553
503.00	0.081411
504.00	0.081740
505.00	0.081448
506.00	0.080543
507.00	0.078925
508.00	0.076647
509.00	0.073919
510.00	0.070712
511.00	0.067015
512.00	0.063040
513.00	0.058933
514.00	0.054652
515.00	0.050627
516.00	0.046691
517.00	0.043091
518.00	0.039946
519.00	0.037103
520.00	0.034847
521.00	0.032954
522.00	0.031676
523.00	0.030747
524.00	0.030326
525.00	0.030198
526.00	0.030353
527.00	0.030777
528.00	0.030986
529.00	0.031428
530.00	0.031507
531.00	0.031486
532.00	0.031290
533.00	0.030747
534.00	0.030163
535.00	0.029363
536.00	0.028472
537.00	0.027630
538.00	0.026660
539.00	0.025664
540.00	0.024712
541.00	0.023820
542.00	0.022907
543.00	0.021912
544.00	0.020938
545.00	0.019910
546.00	0.019090
547.00	0.018070
548.00	0.017192
549.00	0.016342
550.00	0.015661
551.00	0.014987
552.00	0.014348
553.00	0.013868
554.00	0.013252
555.00	0.012906
556.00	0.012475
557.00	0.012115
558.00	0.011765
559.00	0.011519
560.00	0.011256
561.00	0.011013
562.00	0.010792
563.00	0.010668
564.00	0.010579
565.00	0.010472
566.00	0.010428
567.00	0.010447
568.00	0.010609
569.00	0.010766
570.00	0.011128
571.00	0.011542
572.00	0.012114
573.00	0.012907
574.00	0.013737
575.00	0.014802
576.00	0.016143
577.00	0.017510
578.00	0.019001
579.00	0.020700
580.00	0.022451
581.00	0.024061
582.00	0.025512
583.00	0.026917
584.00	0.028225
585.00	0.029066
586.00	0.029803
587.00	0.030188
588.00	0.030288
589.00	0.030134
590.00	0.029754
591.00	0.028980
592.00	0.028089
593.00	0.027024
594.00	0.025758
595.00	0.024520
596.00	0.023250
597.00	0.022027
598.00	0.020833
599.00	0.019833
600.00	0.018990
601.00	0.018184
602.00	0.017595
603.00	0.016998
604.00	0.016522
605.00	0.016167
606.00	0.015832
607.00	0.015576
608.00	0.015387
609.00	0.015205
610.00	0.015116
611.00	0.015030
612.00	0.015125
613.00	0.015255
614.00	0.015494
615.00	0.015859
616.00	0.016492
617.00	0.017365
618.00	0.018440
619.00	0.019942
620.00	0.021679
621.00	0.023848
622.00	0.026402
623.00	0.029342
624.00	0.032770
625.00	0.036855
626.00	0.041638
627.00	0.047506
628.00	0.054238
629.00	0.062561
630.00	0.072346
631.00	0.083630
632.00	0.096694
633.00	0.11090
634.00	0.12621
635.00	0.14162
636.00	0.15625
637.00	0.16920
638.00	0.17975
639.00	0.18675
640.00	0.18956
641.00	0.18801
642.00	0.18176
643.00	0.17085
644.00	0.15690
645.00	0.14057
646.00	0.12361
647.00	0.10706
648.00	0.091231
649.00	0.076843
650.00	0.064004
651.00	0.052694
652.00	0.043116
653.00	0.035115
654.00	0.028750
655.00	0.022467
656.00	0.017999
657.00	0.016615
658.00	0.012912
659.00	0.010501
660.00	0.0088099
661.00	0.0074057
662.00	0.0062467
663.00	0.0053892
664.00	0.0045723
665.00	0.0040571
666.00	0.0035391
667.00	0.0031817
668.00	0.0028285
669.00	0.0025885
670.00	0.0023420
671.00	0.0021697
672.00	0.0020340
673.00	0.0019290
674.00	0.0017692
675.00	0.0016803
676.00	0.0015865
677.00	0.0014927
678.00	0.0014354
679.00	0.0013180
680.00	0.0012764
681.00	0.0012308
682.00	0.0011320
683.00	0.0011079
684.00	0.0010187
685.00	0.0010037
686.00	0.00093731
687.00	0.00088709
688.00	0.00084309
689.00	0.00079743
690.00	0.00077128
691.00	0.00069075
692.00	0.00064052
693.00	0.00062475
694.00	0.00058283
695.00	0.00057577
696.00	0.00053966
697.00	0.00053053
698.00	0.00045622
699.00	0.00041638
700.00	0.00041887
